#Creator: pendulumviewEventBuffer
#Creation time: Thu Mar 24 12:07:43 2022
#Time A	Pos A	Time B	Pos B
#[s]	[au]	[s]	[au]
0.025	507	0.050	384
0.075	506	0.101	386
0.127	506	0.151	387
0.177	506	0.202	389
0.228	506	0.252	389
0.278	506	0.304	389
0.329	507	0.354	389
0.379	506	0.405	387
0.431	507	0.455	390
0.481	506	0.506	389
0.532	508	0.557	391
0.582	508	0.608	389
0.633	507	0.658	392
0.684	507	0.709	388
0.735	507	0.759	389
0.785	506	0.811	391
0.836	506	0.861	395
0.886	506	0.912	397
0.938	506	0.962	402
0.988	506	1.013	404
1.039	506	1.064	404
1.089	506	1.115	406
1.140	507	1.165	409
1.190	506	1.216	412
1.242	506	1.266	419
1.292	508	1.317	431
1.343	507	1.368	445
1.393	507	1.419	465
1.444	506	1.469	485
1.495	507	1.520	507
1.546	506	1.570	528
1.596	506	1.622	549
1.647	507	1.672	566
1.697	506	1.723	581
1.749	507	1.773	592
1.799	506	1.824	599
1.850	507	1.875	600
1.900	507	1.926	597
1.951	507	1.977	589
2.001	508	2.027	576
2.053	507	2.078	562
2.103	507	2.128	543
2.154	507	2.180	524
2.204	507	2.230	503
2.255	507	2.281	482
2.306	507	2.331	464
2.357	507	2.382	447
2.407	506	2.433	434
2.458	506	2.484	424
2.508	506	2.534	416
2.560	506	2.585	415
2.610	506	2.635	419
2.661	506	2.687	426
2.711	507	2.737	438
2.762	506	2.788	452
2.812	506	2.838	469
2.864	507	2.889	488
2.914	507	2.939	508
2.965	507	2.991	527
3.015	507	3.041	546
3.066	507	3.092	563
3.117	507	3.142	577
3.168	507	3.193	587
3.218	507	3.244	592
3.269	507	3.295	595
3.319	506	3.345	592
3.371	507	3.396	585
3.421	507	3.446	574
3.472	507	3.498	560
3.522	507	3.548	543
3.573	507	3.599	524
3.624	507	3.649	504
3.675	507	3.700	485
3.725	506	3.750	466
3.776	507	3.802	450
3.826	507	3.852	436
3.877	506	3.903	426
3.928	506	3.953	419
3.979	506	4.004	418
4.029	506	4.055	421
4.080	506	4.106	429
4.130	506	4.156	439
4.182	506	4.207	453
4.232	506	4.257	471
4.283	506	4.309	489
4.333	506	4.359	510
4.384	506	4.410	528
4.435	507	4.460	547
4.486	506	4.511	562
4.536	507	4.561	576
4.587	507	4.613	585
4.637	507	4.663	591
4.688	508	4.714	592
4.739	507	4.764	589
4.790	507	4.815	582
4.841	507	4.866	570
4.891	507	4.917	557
4.942	507	4.967	539
4.993	507	5.018	522
5.044	507	5.068	503
5.094	506	5.120	484
5.145	507	5.170	467
5.195	507	5.221	452
5.247	506	5.271	439
5.297	506	5.322	430
5.348	506	5.372	423
5.398	507	5.424	423
5.449	507	5.474	425
5.499	506	5.525	432
5.551	506	5.575	443
5.601	506	5.626	457
5.652	506	5.677	473
5.702	507	5.728	490
5.753	506	5.778	510
5.804	506	5.829	528
5.855	507	5.879	545
5.905	507	5.931	560
5.956	507	5.981	572
6.006	508	6.032	582
6.058	508	6.082	588
6.108	508	6.133	589
6.159	508	6.184	586
6.209	507	6.235	579
6.260	507	6.285	568
6.310	507	6.336	554
6.362	508	6.386	538
6.412	507	6.437	521
6.463	507	6.488	503
6.513	506	6.539	485
6.564	506	6.589	468
6.615	506	6.640	453
6.666	506	6.690	441
6.716	506	6.742	432
6.767	506	6.792	426
6.817	506	6.843	425
6.869	506	6.893	428
6.919	507	6.944	435
6.970	506	6.995	446
7.020	506	7.046	459
7.071	507	7.096	475
7.121	506	7.147	492
7.173	507	7.197	510
7.223	507	7.248	528
7.274	506	7.299	545
7.324	507	7.350	559
7.375	508	7.400	572
7.426	507	7.451	580
7.477	507	7.501	586
7.527	507	7.553	586
7.578	508	7.603	582
7.628	507	7.654	576
7.680	508	7.704	565
7.730	507	7.755	552
7.781	507	7.806	536
7.831	507	7.857	519
7.882	507	7.908	501
7.932	506	7.958	485
7.984	506	8.009	469
8.034	507	8.059	454
8.085	506	8.111	443
8.135	506	8.161	435
8.186	506	8.212	429
8.237	508	8.262	428
8.288	506	8.313	432
8.338	506	8.364	438
8.389	506	8.415	449
8.439	506	8.465	462
8.491	506	8.516	477
8.541	506	8.566	493
8.592	507	8.618	511
8.642	507	8.668	528
8.693	507	8.719	544
8.744	507	8.769	557
8.795	508	8.820	570
8.845	507	8.870	578
8.896	508	8.922	582
8.946	507	8.972	583
8.997	507	9.023	580
9.048	507	9.073	573
9.099	507	9.124	563
9.149	507	9.175	549
9.200	507	9.226	534
9.250	507	9.276	518
9.302	507	9.327	501
9.352	507	9.377	484
9.403	506	9.429	469
9.453	506	9.479	456
9.504	506	9.530	445
9.555	506	9.580	437
9.606	506	9.631	432
9.656	506	9.681	431
9.707	506	9.733	434
9.757	506	9.783	442
9.808	506	9.834	451
9.859	506	9.884	464
9.910	507	9.935	479
9.960	507	9.986	495
10.011	507	10.037	512
10.061	507	10.087	528
10.113	507	10.138	544
10.163	507	10.188	557
10.214	507	10.240	568
10.264	508	10.290	575
10.315	508	10.341	580
10.366	508	10.391	581
10.417	507	10.442	577
10.467	507	10.492	570
10.518	507	10.544	560
10.568	507	10.594	547
10.619	507	10.645	533
10.670	506	10.695	517
10.721	506	10.746	501
10.771	506	10.797	485
10.822	506	10.848	470
10.872	507	10.898	456
10.924	506	10.949	447
10.974	506	10.999	439
11.025	506	11.051	435
11.075	506	11.101	434
11.126	506	11.152	438
11.177	507	11.202	445
11.228	506	11.253	454
11.278	506	11.304	467
11.329	507	11.355	481
11.379	507	11.405	496
11.430	506	11.456	512
11.481	507	11.506	528
11.532	507	11.557	543
11.583	507	11.608	556
11.633	508	11.659	566
11.684	508	11.709	573
11.735	508	11.760	577
11.786	507	11.810	578
11.836	508	11.862	574
11.887	507	11.912	567
11.937	507	11.963	557
11.989	507	12.013	544
12.039	507	12.064	531
12.090	507	12.115	516
12.140	506	12.166	501
12.191	507	12.216	484
12.241	506	12.267	471
12.293	506	12.317	458
12.343	506	12.368	448
12.394	505	12.419	442
12.444	506	12.470	438
12.495	506	12.520	437
12.546	507	12.571	440
12.597	507	12.621	448
12.647	506	12.673	457
12.698	507	12.723	469
12.748	507	12.774	482
12.800	507	12.824	497
12.850	506	12.875	512
12.901	507	12.926	529
12.951	507	12.977	543
13.002	508	13.027	555
13.052	507	13.078	565
13.104	507	13.128	572
13.154	507	13.179	575
13.205	507	13.230	576
13.255	507	13.281	573
13.306	506	13.331	565
13.357	507	13.382	556
13.408	507	13.432	543
13.458	507	13.484	529
13.509	506	13.534	515
13.559	507	13.585	499
13.611	507	13.635	485
13.661	507	13.686	471
13.712	506	13.737	459
13.762	507	13.788	450
13.813	506	13.838	444
13.864	506	13.889	440
13.915	507	13.939	438
13.965	507	13.990	443
14.016	506	14.041	450
14.066	506	14.092	459
14.117	507	14.142	471
14.168	507	14.193	484
14.219	507	14.243	499
14.269	508	14.295	514
14.320	508	14.345	529
14.370	507	14.396	542
14.422	508	14.446	554
14.472	507	14.497	563
14.523	507	14.548	570
14.573	507	14.599	573
14.624	507	14.650	573
14.675	507	14.700	569
14.726	507	14.751	562
14.776	507	14.801	553
14.827	507	14.853	541
14.877	507	14.903	528
14.928	507	14.954	513
14.979	507	15.004	499
15.030	507	15.055	484
15.080	506	15.106	472
15.131	507	15.157	460
15.181	507	15.207	451
15.233	506	15.258	445
15.283	506	15.308	442
15.334	506	15.360	442
15.384	507	15.410	445
15.435	507	15.461	452
15.486	507	15.511	461
15.537	506	15.562	473
15.587	507	15.612	485
15.638	507	15.664	499
15.688	507	15.714	514
15.739	507	15.765	528
15.790	506	15.815	541
15.841	507	15.866	553
15.891	507	15.917	562
15.942	507	15.968	568
15.992	507	16.018	571
16.044	507	16.069	571
16.094	506	16.119	566
16.145	507	16.171	561
16.195	507	16.221	550
16.246	506	16.272	540
16.297	507	16.322	527
16.348	506	16.373	513
16.398	507	16.424	498
16.449	506	16.475	484
16.499	506	16.525	472
16.550	506	16.576	461
16.601	507	16.626	453
16.652	506	16.677	447
16.702	507	16.728	443
16.753	507	16.779	444
16.803	506	16.829	447
16.855	507	16.880	454
16.905	506	16.930	464
16.956	507	16.982	475
17.006	507	17.032	487
17.057	506	17.083	501
17.108	507	17.133	515
17.159	507	17.184	528
17.209	507	17.235	541
17.260	507	17.286	552
17.310	507	17.336	560
17.361	507	17.387	566
17.412	507	17.437	569
17.463	507	17.488	569
17.513	507	17.539	565
17.564	507	17.590	559
17.614	507	17.640	549
17.666	507	17.691	538
17.716	507	17.741	525
17.767	507	17.793	512
17.817	507	17.843	498
17.868	507	17.894	484
17.919	506	17.944	473
17.970	506	17.995	463
18.020	507	18.046	455
18.071	506	18.097	449
18.121	506	18.147	446
18.172	506	18.198	446
18.223	507	18.248	450
18.274	506	18.299	456
18.324	507	18.350	466
18.375	507	18.401	476
18.425	507	18.451	489
18.477	507	18.502	501
18.527	506	18.552	515
18.578	506	18.604	528
18.628	507	18.654	540
18.679	508	18.705	551
18.730	507	18.755	559
18.781	507	18.806	565
18.831	507	18.857	567
18.882	507	18.908	566
18.932	507	18.958	563
18.984	507	19.009	556
19.034	507	19.059	547
19.085	507	19.110	536
19.135	507	19.161	524
19.186	507	19.212	511
19.236	507	19.262	497
19.288	507	19.313	485
19.338	507	19.363	474
19.389	506	19.415	463
19.439	507	19.465	456
19.490	507	19.516	451
19.541	507	19.566	448
19.592	507	19.617	448
19.642	506	19.668	452
19.693	506	19.719	459
19.743	507	19.769	467
19.795	507	19.820	478
19.845	506	19.870	490
19.896	507	19.921	503
19.946	506	19.972	516
19.997	507	20.023	529
20.047	507	20.073	540
20.099	507	20.124	551
20.149	507	20.174	558
20.200	507	20.226	564
20.250	507	20.276	565
20.301	507	20.327	564
20.352	507	20.377	560
20.403	508	20.428	554
20.453	507	20.479	545
20.504	507	20.530	534
20.554	507	20.580	523
20.606	507	20.631	510
20.656	506	20.681	497
20.707	507	20.732	485
20.757	507	20.783	475
20.808	507	20.834	464
20.858	506	20.884	457
20.910	507	20.935	453
20.960	506	20.985	450
21.011	506	21.037	451
21.061	507	21.087	454
21.112	506	21.138	461
21.163	506	21.188	469
21.214	507	21.239	480
21.264	506	21.290	491
21.315	507	21.341	504
21.365	507	21.391	516
21.417	507	21.442	528
21.467	507	21.492	539
21.518	507	21.544	549
21.568	507	21.594	557
21.619	507	21.645	561
21.669	507	21.695	563
21.721	507	21.746	563
21.771	507	21.796	558
21.822	507	21.848	552
21.872	508	21.898	544
21.923	507	21.949	533
21.974	507	21.999	522
22.025	507	22.050	509
22.075	507	22.101	497
22.126	507	22.152	486
22.176	507	22.202	474
22.228	507	22.253	466
22.278	507	22.303	459
22.329	507	22.355	453
22.379	506	22.405	451
22.430	507	22.456	453
22.480	507	22.506	457
22.532	506	22.557	462
22.582	507	22.607	471
22.633	506	22.659	481
22.683	506	22.709	493
22.734	506	22.760	505
22.785	507	22.810	516
22.836	507	22.861	528
22.886	507	22.912	539
22.937	507	22.963	548
22.987	507	23.013	555
23.039	507	23.064	560
23.089	507	23.114	561
23.140	507	23.166	560
23.190	507	23.216	556
23.241	507	23.267	551
23.291	507	23.317	543
23.343	507	23.368	532
23.393	507	23.418	521
23.444	507	23.470	508
23.494	507	23.520	497
23.545	506	23.571	486
23.597	506	23.621	475
23.647	506	23.672	466
23.698	507	23.723	459
23.748	507	23.774	456
23.799	506	23.824	453
23.850	506	23.875	455
23.901	506	23.925	458
23.951	506	23.977	464
24.002	506	24.027	473
24.052	507	24.078	482
24.104	507	24.128	494
24.154	506	24.179	505
24.205	507	24.229	516
24.255	506	24.281	528
24.306	507	24.331	538
24.356	507	24.382	548
24.408	507	24.432	555
24.458	507	24.483	559
24.509	508	24.534	560
24.559	507	24.585	559
24.610	507	24.635	555
24.661	507	24.686	549
24.712	507	24.736	540
24.762	507	24.788	531
24.813	507	24.838	519
24.863	508	24.889	508
24.915	507	24.939	497
24.965	507	24.990	486
25.016	507	25.040	476
25.066	507	25.092	467
25.117	507	25.142	463
25.167	506	25.193	457
25.219	506	25.243	456
25.269	506	25.294	457
25.320	506	25.345	460
25.370	506	25.396	467
25.421	507	25.446	474
25.472	507	25.497	484
25.523	507	25.547	495
25.573	507	25.599	506
25.624	507	25.649	517
25.674	507	25.700	528
25.726	507	25.750	538
25.776	507	25.801	547
25.827	507	25.851	553
25.877	507	25.903	557
25.928	508	25.953	558
25.978	507	26.004	557
26.030	507	26.054	553
26.080	507	26.105	547
26.131	507	26.156	539
26.181	508	26.207	529
26.232	506	26.257	519
26.283	507	26.308	507
26.334	506	26.358	496
26.384	506	26.410	486
26.435	507	26.460	475
26.485	506	26.511	469
26.537	506	26.561	463
26.587	507	26.612	459
26.638	506	26.662	457
26.688	507	26.714	458
26.739	506	26.765	462
26.789	506	26.815	468
26.841	506	26.866	476
26.891	506	26.916	485
26.942	507	26.968	496
26.992	507	27.018	507
27.043	507	27.069	518
27.094	507	27.119	528
27.145	508	27.170	538
27.195	507	27.221	546
27.246	507	27.272	552
27.296	507	27.322	555
27.348	507	27.373	556
27.398	507	27.423	556
27.449	507	27.475	551
27.499	507	27.525	546
27.550	507	27.576	537
27.600	507	27.626	528
27.652	507	27.677	518
27.702	506	27.727	507
27.753	506	27.779	497
27.803	507	27.829	486
27.854	506	27.880	477
27.905	507	27.930	469
27.956	506	27.981	464
28.006	507	28.032	460
28.057	506	28.083	458
28.107	507	28.133	460
28.159	506	28.184	463
28.209	507	28.234	470
28.260	507	28.286	478
28.310	507	28.336	486
28.361	506	28.387	497
28.411	507	28.437	507
28.463	507	28.488	518
28.513	507	28.538	528
28.564	507	28.590	537
28.614	507	28.640	545
28.665	507	28.691	551
28.716	507	28.741	554
28.767	507	28.792	555
28.817	507	28.843	554
28.868	507	28.894	550
28.918	507	28.944	544
28.970	507	28.995	536
29.020	507	29.045	527
29.071	507	29.097	518
29.121	507	29.147	507
29.172	506	29.198	496
29.222	507	29.248	487
29.274	507	29.299	478
29.324	506	29.349	471
29.375	507	29.401	466
29.425	506	29.451	462
29.476	506	29.502	460
29.527	506	29.552	462
29.578	507	29.603	466
29.628	507	29.654	472
29.679	507	29.705	480
29.729	506	29.755	488
29.781	507	29.806	498
29.831	506	29.856	508
29.882	507	29.908	518
29.932	507	29.958	528
29.983	507	30.009	537
30.033	507	30.059	544
30.085	507	30.110	550
30.135	507	30.160	553
30.186	507	30.212	554
30.236	507	30.262	552
30.287	507	30.313	549
30.338	507	30.363	542
30.389	507	30.414	535
30.440	507	30.465	526
30.490	507	30.516	517
30.541	505	30.566	506
30.592	507	30.617	497
30.643	506	30.667	487
30.693	506	30.719	479
30.744	506	30.769	471
30.794	507	30.820	467
30.846	506	30.870	463
30.896	507	30.921	462
30.947	507	30.971	464
30.997	506	31.023	467
31.048	506	31.073	473
31.098	507	31.124	480
31.150	507	31.174	489
31.200	506	31.225	499
31.251	507	31.276	508
31.301	507	31.327	519
31.352	507	31.377	528
31.403	507	31.428	536
31.454	507	31.478	543
31.504	507	31.530	548
31.555	507	31.580	552
31.605	507	31.631	552
31.657	507	31.681	551
31.707	507	31.732	547
31.758	507	31.782	541
31.808	507	31.834	533
31.859	507	31.884	525
31.909	507	31.935	516
31.961	507	31.985	508
32.011	506	32.036	496
32.062	507	32.087	487
32.112	507	32.138	479
32.163	506	32.188	473
32.214	506	32.239	468
32.265	506	32.289	465
32.315	506	32.341	463
32.366	507	32.391	465
32.416	506	32.442	468
32.468	507	32.492	475
32.518	507	32.543	482
32.569	508	32.593	490
32.619	507	32.645	499
32.670	507	32.695	509
32.720	506	32.746	518
32.772	507	32.796	528
32.822	507	32.847	537
32.873	507	32.898	543
32.923	507	32.949	548
32.974	507	32.999	550
33.025	507	33.050	551
33.076	507	33.100	549
33.126	507	33.152	545
33.177	507	33.202	540
33.227	507	33.253	532
33.279	507	33.303	524
33.329	507	33.354	515
33.380	507	33.404	506
33.430	506	33.456	496
33.481	506	33.507	487
33.531	506	33.557	480
33.583	506	33.608	473
33.633	507	33.658	469
33.684	506	33.710	466
33.734	507	33.760	465
33.785	507	33.811	467
33.836	507	33.861	471
33.887	506	33.912	476
33.937	506	33.963	483
33.988	507	34.014	491
34.038	507	34.064	500
34.090	507	34.115	510
34.140	507	34.165	519
34.191	507	34.217	527
34.241	506	34.267	536
34.292	507	34.318	542
34.342	507	34.368	546
34.394	507	34.419	549
34.444	507	34.469	549
34.495	506	34.521	548
34.545	507	34.571	544
34.596	507	34.622	538
34.647	507	34.672	532
34.698	507	34.723	523
34.748	507	34.774	514
34.799	507	34.825	505
34.849	507	34.875	496
34.901	507	34.926	487
34.951	507	34.976	481
35.002	506	35.028	475
35.052	506	35.078	471
35.103	506	35.129	468
35.153	506	35.179	466
35.205	506	35.230	469
35.255	507	35.280	472
35.306	506	35.332	478
35.356	507	35.382	485
35.407	507	35.433	493
35.458	506	35.483	501
35.509	507	35.534	510
35.559	507	35.585	519
35.610	507	35.636	528
35.660	507	35.686	535
35.712	506	35.737	541
35.762	507	35.787	545
35.813	508	35.839	547
35.863	507	35.889	548
35.914	507	35.940	547
35.964	507	35.990	542
36.016	508	36.041	537
36.066	507	36.091	530
36.117	506	36.143	523
36.167	507	36.193	514
36.218	507	36.244	505
36.269	507	36.294	496
36.320	507	36.345	488
36.370	506	36.396	481
36.421	507	36.447	475
36.471	506	36.497	471
36.523	506	36.548	469
36.573	506	36.598	468
36.624	507	36.650	470
36.674	507	36.700	473
36.725	507	36.751	479
36.776	506	36.801	485
36.827	508	36.852	493
36.877	507	36.902	501
36.928	506	36.954	511
36.978	507	37.004	519
37.029	507	37.055	528
37.080	507	37.105	535
37.131	507	37.156	541
37.181	507	37.207	544
37.232	507	37.258	546
37.282	507	37.308	547
37.334	507	37.359	546
37.384	507	37.409	541
37.435	507	37.461	535
37.485	506	37.511	528
37.536	507	37.562	521
37.587	507	37.612	513
37.638	506	37.663	503
37.688	507	37.713	495
37.739	506	37.765	488
37.789	507	37.815	481
37.840	506	37.866	476
37.891	507	37.916	472
37.942	506	37.967	470
37.993	506	38.018	469
38.043	506	38.069	471
38.094	507	38.119	474
38.145	505	38.170	480
38.196	506	38.220	487
38.246	507	38.272	494
38.297	506	38.322	502
38.347	507	38.373	511
38.399	507	38.423	519
38.449	507	38.474	528
38.500	507	38.524	535
38.550	507	38.576	540
38.601	508	38.626	545
38.651	508	38.677	546
38.703	508	38.727	546
38.753	507	38.778	544
38.804	507	38.829	540
38.854	507	38.880	534
38.905	506	38.930	527
38.956	506	38.981	520
39.007	506	39.031	512
39.057	505	39.083	503
39.108	505	39.133	494
39.158	506	39.184	487
39.210	506	39.234	481
39.260	506	39.285	477
39.311	506	39.336	474
39.361	507	39.387	471
39.412	507	39.437	471
39.462	507	39.488	473
39.514	507	39.538	477
39.564	507	39.589	482
39.615	507	39.640	489
39.665	508	39.691	496
39.716	507	39.741	504
39.767	507	39.792	512
39.818	507	39.842	520
39.868	507	39.894	527
39.919	507	39.944	534
39.969	507	39.995	539
40.021	507	40.045	543
40.071	507	40.096	544
40.122	507	40.147	544
40.172	507	40.198	543
40.223	507	40.248	539
40.273	507	40.299	533
40.325	507	40.349	527
40.375	506	40.400	519
40.426	506	40.451	511
40.476	506	40.502	504
40.527	506	40.552	496
40.578	506	40.603	488
40.629	506	40.653	482
40.679	506	40.705	477
40.730	506	40.755	474
40.780	506	40.806	472
40.832	507	40.856	472
40.882	507	40.907	474
40.933	508	40.958	477
40.983	508	41.009	482
41.034	508	41.060	489
41.084	507	41.110	497
41.136	507	41.161	504
41.186	507	41.211	513
41.237	507	41.263	520
41.287	507	41.313	528
41.338	506	41.364	533
41.389	506	41.414	539
41.440	506	41.465	542
41.490	506	41.516	543
41.541	507	41.567	543
41.591	506	41.617	541
41.643	506	41.668	537
41.693	506	41.718	532
41.744	506	41.770	525
41.794	506	41.820	518
41.845	507	41.871	511
41.896	507	41.921	503
41.947	507	41.972	496
41.997	507	42.022	488
42.048	507	42.074	483
42.098	506	42.124	479
42.149	507	42.175	476
42.200	506	42.225	474
42.251	505	42.276	474
42.301	506	42.327	475
42.352	507	42.378	479
42.402	507	42.428	484
42.454	507	42.479	490
42.504	507	42.529	497
42.555	506	42.581	505
42.605	507	42.631	512
42.656	508	42.682	520
42.707	507	42.732	527
42.758	507	42.783	532
42.808	507	42.833	537
42.859	506	42.885	541
42.909	506	42.935	542
42.960	507	42.986	542
43.011	507	43.036	540
43.062	506	43.087	536
43.112	506	43.138	531
43.163	506	43.189	524
43.213	506	43.239	518
43.265	506	43.290	510
43.315	507	43.340	503
43.366	506	43.392	496
43.416	507	43.442	489
43.467	507	43.493	483
43.518	507	43.543	479
43.569	507	43.594	477
43.619	507	43.644	475
43.670	507	43.696	474
43.720	508	43.746	477
43.771	507	43.797	480
43.822	507	43.847	485
43.873	507	43.898	491
43.923	506	43.949	498
43.974	507	44.000	505
44.024	506	44.050	513
44.076	506	44.101	520
44.126	506	44.151	527
44.177	506	44.203	533
44.227	506	44.253	537
44.278	507	44.304	540
44.329	507	44.354	541
44.380	506	44.405	540
44.430	507	44.456	538
44.481	507	44.507	535
44.531	506	44.557	529
44.582	506	44.608	523
44.633	507	44.658	517
44.684	507	44.709	509
44.735	507	44.760	502
44.785	506	44.811	495
44.836	506	44.861	489
44.887	506	44.912	484
44.938	506	44.962	480
44.988	507	45.014	478
45.039	507	45.064	476
45.089	507	45.115	477
45.141	507	45.165	478
45.191	508	45.216	482
45.242	507	45.267	486
45.292	507	45.318	493
45.343	507	45.368	499
45.393	506	45.419	506
45.445	506	45.469	512
45.495	506	45.520	520
45.546	506	45.571	527
45.596	506	45.622	532
45.647	506	45.672	536
45.698	506	45.723	539
45.749	506	45.773	540
45.799	506	45.825	539
45.850	506	45.875	537
45.900	507	45.926	533
45.952	507	45.976	528
46.002	508	46.027	522
46.053	507	46.078	516
46.103	506	46.129	509
46.154	507	46.179	502
46.204	507	46.230	496
46.256	507	46.280	490
46.306	507	46.331	485
46.357	507	46.382	481
46.407	507	46.433	478
46.458	507	46.483	477
46.509	507	46.534	478
46.560	507	46.584	479
46.610	507	46.636	483
46.661	506	46.686	488
46.711	507	46.737	493
46.763	507	46.787	500
46.813	507	46.838	507
46.864	507	46.889	513
46.914	507	46.940	520
46.965	507	46.990	526
47.016	506	47.041	531
47.067	506	47.091	534
47.117	506	47.142	537
47.168	506	47.193	538
47.218	507	47.244	538
47.269	506	47.294	536
47.320	507	47.345	532
47.371	507	47.395	527
47.421	507	47.447	521
47.472	507	47.497	516
47.522	507	47.548	509
47.574	507	47.598	502
47.624	508	47.649	496
47.675	508	47.700	490
47.725	507	47.751	485
47.776	507	47.802	482
47.827	507	47.852	480
47.878	507	47.903	479
47.928	507	47.953	479
47.979	507	48.005	480
48.029	506	48.055	484
48.080	507	48.106	489
48.131	506	48.156	494
48.182	507	48.207	501
48.232	507	48.258	507
48.283	506	48.309	514
48.333	507	48.359	520
48.385	506	48.410	526
48.435	506	48.460	531
48.486	506	48.512	535
48.536	507	48.562	537
48.587	507	48.613	538
48.638	506	48.663	536
48.689	506	48.714	534
48.739	506	48.764	530
48.790	507	48.816	527
48.840	507	48.866	521
48.891	507	48.917	515
48.942	507	48.967	508
48.993	507	49.018	502
49.043	507	49.069	496
49.094	507	49.120	491
49.144	507	49.170	486
49.196	507	49.221	483
49.246	508	49.271	481
49.297	506	49.323	480
49.347	506	49.373	481
49.398	506	49.424	482
49.449	506	49.474	485
49.500	506	49.525	490
49.550	506	49.576	496
49.601	506	49.627	501
49.651	506	49.677	508
49.702	506	49.728	514
49.753	506	49.778	520
49.804	507	49.829	526
49.854	507	49.880	530
49.905	506	49.931	534
49.955	507	49.981	535
50.007	507	50.032	537
50.057	507	50.082	535
50.108	507	50.134	533
50.158	507	50.184	530
50.209	507	50.235	526
50.260	507	50.285	520
50.311	509	50.336	514
50.361	507	50.387	508
50.412	507	50.438	502
50.462	507	50.488	496
50.513	507	50.539	491
50.564	506	50.589	487
50.615	507	50.640	485
50.665	507	50.691	482
50.716	506	50.742	481
50.766	506	50.792	481
50.818	507	50.843	483
50.868	507	50.893	487
50.919	506	50.945	490
50.969	507	50.995	496
51.020	506	51.046	502
51.071	506	51.096	508
51.122	506	51.147	514
51.172	507	51.198	521
51.223	506	51.249	525
51.273	507	51.299	529
51.324	507	51.350	532
51.375	507	51.400	534
51.426	507	51.451	535
51.476	508	51.502	534
51.527	507	51.553	532
51.577	508	51.603	528
51.629	507	51.654	524
51.679	507	51.704	519
51.730	507	51.756	513
51.780	507	51.806	508
51.831	507	51.857	502
51.882	506	51.907	496
51.933	507	51.958	492
51.983	506	52.009	487
52.034	507	52.060	485
52.084	506	52.110	483
52.136	506	52.161	482
52.186	506	52.211	483
52.237	506	52.262	485
52.287	506	52.313	487
52.338	506	52.364	491
52.388	506	52.414	497
52.440	507	52.465	503
52.490	507	52.515	508
52.541	507	52.567	514
52.591	507	52.617	520
52.642	507	52.668	525
52.693	507	52.718	529
52.744	507	52.769	532
52.794	507	52.820	533
52.845	507	52.871	534
52.895	507	52.921	534
52.947	507	52.972	531
52.997	507	53.022	527
53.048	507	53.073	523
53.098	507	53.124	518
53.149	507	53.175	511
53.199	507	53.225	507
53.251	507	53.276	501
53.301	507	53.326	497
53.352	507	53.378	492
53.402	506	53.428	488
53.453	506	53.479	486
53.504	506	53.529	484
53.555	506	53.580	484
53.605	506	53.631	484
53.656	506	53.682	486
53.706	507	53.732	489
53.758	506	53.783	493
53.808	506	53.833	498
53.859	506	53.884	504
53.909	507	53.935	509
53.960	507	53.986	515
54.010	507	54.036	520
54.062	507	54.087	524
54.112	507	54.137	528
54.163	508	54.189	531
54.213	507	54.239	532
54.264	507	54.290	533
54.315	507	54.340	532
54.366	507	54.391	530
54.416	507	54.442	527
54.467	507	54.493	522
54.517	507	54.543	518
54.569	506	54.594	512
54.619	507	54.644	507
54.670	507	54.696	501
54.720	507	54.746	497
54.771	506	54.797	492
54.821	506	54.847	489
54.873	506	54.898	487
54.923	506	54.948	485
54.974	506	55.000	485
55.024	506	55.050	485
55.075	506	55.101	487
55.126	507	55.151	490
55.177	507	55.202	494
55.227	506	55.253	499
55.278	507	55.304	504
55.328	507	55.354	509
55.380	507	55.405	515
55.430	508	55.455	520
55.481	507	55.507	524
55.531	507	55.557	527
55.582	507	55.608	530
55.632	507	55.658	532
55.684	507	55.709	531
55.734	507	55.759	531
55.785	507	55.811	528
55.835	507	55.861	525
55.886	508	55.912	522
55.937	507	55.962	517
55.988	507	56.013	511
56.038	507	56.064	506
56.089	507	56.115	501
56.139	507	56.165	497
56.191	506	56.216	493
56.241	506	56.266	489
56.292	506	56.318	487
56.342	506	56.368	486
56.393	506	56.419	486
56.443	506	56.469	487
56.495	507	56.520	488
56.545	506	56.570	491
56.596	507	56.622	495
56.646	507	56.672	500
56.697	507	56.723	504
56.748	507	56.773	510
56.799	508	56.824	515
56.849	507	56.875	520
56.900	507	56.926	524
56.950	507	56.976	527
57.002	507	57.027	529
57.052	508	57.077	530
57.103	507	57.129	530
57.153	507	57.179	529
57.204	506	57.230	527
57.254	507	57.280	524
57.306	507	57.331	520
57.357	507	57.381	515
57.407	506	57.433	511
57.458	507	57.483	507
57.508	507	57.534	502
57.560	506	57.584	497
57.610	506	57.635	493
57.661	507	57.686	490
57.711	506	57.737	488
57.762	506	57.787	487
57.813	507	57.838	487
57.864	507	57.888	488
57.914	506	57.940	490
57.965	508	57.990	492
58.015	507	58.041	496
58.067	507	58.091	500
58.117	507	58.142	505
58.168	507	58.192	510
58.218	507	58.244	515
58.269	507	58.294	519
58.319	507	58.345	523
58.371	507	58.395	527
58.421	507	58.446	528
58.472	507	58.497	529
58.522	507	58.548	529
58.573	507	58.598	528
58.624	506	58.649	526
58.675	507	58.699	524
58.725	507	58.751	520
58.776	506	58.801	515
58.826	507	58.852	511
58.878	506	58.902	506
58.928	506	58.953	502
58.979	506	59.003	497
59.029	506	59.055	494
59.080	506	59.105	490
59.130	507	59.156	489
59.182	506	59.206	488
59.232	507	59.257	488
59.283	507	59.308	489
59.333	507	59.359	491
59.384	507	59.409	494
59.435	507	59.460	497
59.486	508	59.510	501
59.536	507	59.562	505
59.587	508	59.612	511
59.637	508	59.663	515
59.689	507	59.713	519
59.739	508	59.764	523
59.790	507	59.814	525
59.840	507	59.866	528
59.891	507	59.916	528
59.941	506	59.967	528
59.993	507	60.017	528
60.043	506	60.068	525
60.094	507	60.119	522
60.144	506	60.170	519
60.195	507	60.220	515
60.246	507	60.271	510
60.297	506	60.322	506
60.347	506	60.373	501
60.398	506	60.424	498
60.448	506	60.474	494
60.500	507	60.525	492
60.550	507	60.575	490
60.601	507	60.627	489
60.651	507	60.677	489
60.702	507	60.728	490
60.752	507	60.778	492
60.804	507	60.829	495
60.854	507	60.879	498
60.905	507	60.931	502
60.955	507	60.981	507
61.006	506	61.032	511
61.057	506	61.082	516
61.108	507	61.133	519
61.158	507	61.184	523
61.209	506	61.235	525
61.259	508	61.285	527
61.311	507	61.336	527
61.361	506	61.386	527
61.412	506	61.438	527
61.462	506	61.488	524
61.513	507	61.539	522
61.563	507	61.589	518
61.615	507	61.640	514
61.665	507	61.690	511
61.716	507	61.742	505
61.766	507	61.792	502
61.817	507	61.843	497
61.868	507	61.893	495
61.919	507	61.944	492
61.969	507	61.995	491
62.020	506	62.046	491
62.070	507	62.096	490
62.122	507	62.147	491
62.172	507	62.197	493
62.223	507	62.249	496
62.273	507	62.299	499
62.324	507	62.350	503
62.374	508	62.400	507
62.426	507	62.451	512
62.476	506	62.501	515
62.527	506	62.553	519
62.577	507	62.603	522
62.628	506	62.654	524
62.679	506	62.704	526
62.730	507	62.755	526
62.780	507	62.806	526
62.831	507	62.857	525
62.881	506	62.907	523
62.933	507	62.958	520
62.983	507	63.008	517
63.034	507	63.060	514
63.084	507	63.110	509
63.135	507	63.161	505
63.185	506	63.211	501
63.237	507	63.262	498
63.287	507	63.312	496
63.338	507	63.364	493
63.388	507	63.414	492
63.439	507	63.465	491
63.490	508	63.515	492
63.541	507	63.566	492
63.592	507	63.617	494
63.642	507	63.668	497
63.693	506	63.718	499
63.744	507	63.769	504
63.795	507	63.819	508
63.845	507	63.871	512
63.896	507	63.921	515
63.946	506	63.972	519
63.998	506	64.022	522
64.048	506	64.073	524
64.099	507	64.123	525
64.149	506	64.175	526
64.200	507	64.225	525
64.250	507	64.276	524
64.302	506	64.326	521
64.352	507	64.377	519
64.403	507	64.428	517
64.453	507	64.479	513
64.504	507	64.529	509
64.555	508	64.580	506
64.606	507	64.630	503
64.656	507	64.682	499
64.707	506	64.732	496
64.757	507	64.783	494
64.809	506	64.833	492
64.859	507	64.884	492
64.910	507	64.934	492
64.960	507	64.986	493
65.011	506	65.036	495
65.061	507	65.087	498
65.113	507	65.137	501
65.163	507	65.188	505
65.214	507	65.239	508
65.264	506	65.290	513
65.315	507	65.340	515
65.366	506	65.391	518
65.417	506	65.441	521
65.467	506	65.493	523
65.518	506	65.543	524
65.568	507	65.594	525
65.620	506	65.644	524
65.670	507	65.695	523
65.721	507	65.745	521
65.771	506	65.797	519
65.822	508	65.847	515
65.872	507	65.898	512
65.924	507	65.948	508
65.974	507	65.999	506
66.025	507	66.050	502
66.075	507	66.101	499
66.126	507	66.151	497
66.177	507	66.202	495
66.228	506	66.252	493
66.278	507	66.304	493
66.329	506	66.354	493
66.379	506	66.405	495
66.431	506	66.455	497
66.481	507	66.506	499
66.532	507	66.556	502
66.582	506	66.608	505
66.633	506	66.659	509
66.683	506	66.709	512
66.735	507	66.760	516
66.785	506	66.810	518
66.836	507	66.862	521
66.886	506	66.912	522
66.937	508	66.963	524
66.988	507	67.013	524
67.039	507	67.064	523
67.089	507	67.115	522
67.140	507	67.166	521
67.190	507	67.216	518
67.242	507	67.267	515
67.292	507	67.317	512
67.343	507	67.369	509
67.393	507	67.419	505
67.444	507	67.470	502
67.494	507	67.520	499
67.546	507	67.571	496
67.596	507	67.621	495
67.647	507	67.673	494
67.697	507	67.723	494
67.748	507	67.774	495
67.799	507	67.824	496
67.850	507	67.875	497
67.900	506	67.926	501
67.951	507	67.977	503
68.001	507	68.027	506
68.053	506	68.078	509
68.103	506	68.128	512
68.154	506	68.180	515
68.204	507	68.230	518
68.255	507	68.281	520
68.305	506	68.331	522
68.357	506	68.382	522
68.407	506	68.432	523
68.458	507	68.484	522
68.508	507	68.534	522
68.559	507	68.585	519
68.610	507	68.635	517
68.661	507	68.686	514
68.711	507	68.737	512
68.762	507	68.788	508
68.812	507	68.838	505
68.864	507	68.889	502
68.914	507	68.939	500
68.965	506	68.991	498
69.015	506	69.041	496
69.066	506	69.092	495
69.116	506	69.142	494
69.168	507	69.193	495
69.218	507	69.243	497
69.269	506	69.295	499
69.319	506	69.345	501
69.370	506	69.396	503
69.421	507	69.446	506
69.472	507	69.497	509
69.522	507	69.548	512
69.573	506	69.599	515
69.623	506	69.649	518
69.675	507	69.700	520
69.725	506	69.750	521
69.776	506	69.802	521
69.826	506	69.852	522
69.877	507	69.903	521
69.928	507	69.953	520
69.979	507	70.004	518
70.029	507	70.054	517
70.080	507	70.106	513
70.130	507	70.156	511
70.181	507	70.207	508
70.232	507	70.257	504
70.283	506	70.308	502
70.333	507	70.359	500
70.384	506	70.410	498
70.434	506	70.460	497
70.486	507	70.511	496
70.536	506	70.561	496
70.587	507	70.613	497
70.637	507	70.663	497
70.688	506	70.714	499
70.739	506	70.764	502
70.790	506	70.815	504
70.840	506	70.865	507
70.891	507	70.917	510
70.941	507	70.967	512
70.992	506	71.018	515
71.043	507	71.068	516
71.094	507	71.119	518
71.145	507	71.170	520
71.195	507	71.221	521
71.246	507	71.271	521
71.297	507	71.322	520
71.348	507	71.372	519
71.398	507	71.424	517
71.449	507	71.474	515
71.499	507	71.525	513
71.551	506	71.575	511
71.601	506	71.626	507
71.652	507	71.676	505
71.702	507	71.728	502
71.753	506	71.778	500
71.803	507	71.829	499
71.855	507	71.879	497
71.905	505	71.930	496
71.956	507	71.981	497
72.006	507	72.032	497
72.057	507	72.082	499
72.108	507	72.133	500
72.159	507	72.183	503
72.209	507	72.235	505
72.260	507	72.285	506
72.310	507	72.336	510
72.362	506	72.386	512
72.412	506	72.437	514
72.463	506	72.488	517
72.513	507	72.539	518
72.564	506	72.589	519
72.614	506	72.640	520
72.666	507	72.690	520
72.716	507	72.741	519
72.767	507	72.792	518
72.817	508	72.843	516
72.868	507	72.893	514
72.919	506	72.944	512
72.970	507	72.994	510
73.020	507	73.046	507
73.071	506	73.096	505
73.121	507	73.147	502
73.173	507	73.197	501
73.223	507	73.248	499
73.274	506	73.299	498
73.324	506	73.350	498
73.375	507	73.400	498
73.425	506	73.451	498
73.477	507	73.501	500
73.527	506	73.552	501
73.578	507	73.603	503
73.628	507	73.654	506
73.679	507	73.704	508
73.730	507	73.755	510
73.781	507	73.805	512
73.831	507	73.857	515
73.882	507	73.907	517
73.932	506	73.958	518
73.984	506	74.008	518
74.034	507	74.059	520
74.085	507	74.110	519
74.135	505	74.161	519
74.186	506	74.212	517
74.236	507	74.262	515
74.288	506	74.313	513
74.338	507	74.363	512
74.389	508	74.415	509
74.439	507	74.465	507
74.490	507	74.516	505
74.541	506	74.566	503
74.592	507	74.617	501
74.642	506	74.668	499
74.693	506	74.719	499
74.743	506	74.769	498
74.795	506	74.820	499
74.845	506	74.870	500
74.896	507	74.922	501
74.946	506	74.972	502
74.997	507	75.023	504
75.048	506	75.073	506
75.099	507	75.124	508
75.149	507	75.174	510
75.200	507	75.226	512
75.250	507	75.276	514
75.301	507	75.327	516
75.352	507	75.377	517
75.403	507	75.428	518
75.453	507	75.479	518
75.504	507	75.530	518
75.554	506	75.580	517
75.606	507	75.631	516
75.656	507	75.681	514
75.707	506	75.733	512
75.757	507	75.783	511
75.808	506	75.834	508
75.859	507	75.884	507
75.910	507	75.935	505
75.960	506	75.985	503
76.011	507	76.037	502
76.061	507	76.087	501
76.112	507	76.138	500
76.163	507	76.188	499
76.214	507	76.239	500
76.264	505	76.290	500
76.315	507	76.341	501
76.365	506	76.391	503
76.417	507	76.442	505
76.467	507	76.492	506
76.518	507	76.544	508
76.568	507	76.594	511
76.619	506	76.645	512
76.670	507	76.695	514
76.721	507	76.746	516
76.771	507	76.796	516
76.822	507	76.848	517
76.872	507	76.898	517
76.923	507	76.949	517
76.974	507	76.999	516
77.025	506	77.050	515
77.075	507	77.101	514
77.126	507	77.152	512
77.176	507	77.202	511
77.228	507	77.253	509
77.278	507	77.303	507
77.329	507	77.355	506
77.379	507	77.405	503
77.430	507	77.456	502
77.481	507	77.506	501
77.532	507	77.557	500
77.582	506	77.608	500
77.633	506	77.659	501
77.683	506	77.709	501
77.734	506	77.760	502
77.785	506	77.810	503
77.836	507	77.861	505
77.887	507	77.912	507
77.937	506	77.963	509
77.988	507	78.013	511
78.039	507	78.064	513
78.090	507	78.114	513
78.140	506	78.166	515
78.191	507	78.216	515
78.241	506	78.267	516
78.293	507	78.317	516
78.343	506	78.368	516
78.394	507	78.419	516
78.444	506	78.470	515
78.495	507	78.520	513
78.545	507	78.571	512
78.597	507	78.621	510
78.647	507	78.672	508
78.698	506	78.723	507
78.748	507	78.774	505
78.799	507	78.824	504
78.850	507	78.875	502
78.901	507	78.925	502
78.951	506	78.977	500
79.002	506	79.027	501
79.052	506	79.078	502
79.104	506	79.128	503
79.154	506	79.179	503
79.205	506	79.230	504
79.255	506	79.281	506
79.306	507	79.331	507
79.356	507	79.382	509
79.408	506	79.432	510
79.458	506	79.483	512
79.509	507	79.534	514
79.559	507	79.585	514
79.610	508	79.635	515
79.661	507	79.686	515
79.712	507	79.736	516
79.762	507	79.788	515
79.813	507	79.838	514
79.863	507	79.889	514
79.915	507	79.939	512
79.965	508	79.990	511
80.016	507	80.041	510
80.066	506	80.092	508
80.117	507	80.142	507
80.168	506	80.193	505
80.219	506	80.243	504
80.269	507	80.294	503
80.320	506	80.345	502
80.370	506	80.396	502
80.421	506	80.446	502
80.472	506	80.497	503
80.523	507	80.547	503
80.573	506	80.599	504
80.624	507	80.649	505
80.674	506	80.700	507
80.726	506	80.750	508
80.776	507	80.801	509
80.827	507	80.852	511
80.877	506	80.903	512
80.928	507	80.954	513
80.979	507	81.004	514
81.030	506	81.055	515
81.080	507	81.105	515
81.131	507	81.157	515
81.181	507	81.207	514
81.232	507	81.258	514
81.283	507	81.308	512
81.334	506	81.359	511
81.384	507	81.410	511
81.435	506	81.461	509
81.485	506	81.511	508
81.537	507	81.562	507
81.587	506	81.612	505
81.638	506	81.664	505
81.688	507	81.714	503
81.739	507	81.765	503
81.790	506	81.815	503
81.841	507	81.866	503
81.891	507	81.916	504
81.942	506	81.968	504
81.992	507	82.018	505
82.043	506	82.069	506
82.094	507	82.119	508
82.145	507	82.170	509
82.195	507	82.221	510
82.246	507	82.272	511
82.296	506	82.322	512
82.348	507	82.373	512
82.398	508	82.423	513
82.449	507	82.475	514
82.499	507	82.525	514
82.550	507	82.576	514
82.601	507	82.626	513
82.652	507	82.677	513
82.702	507	82.728	512
82.753	507	82.779	511
82.803	506	82.829	509
82.854	507	82.880	509
82.905	507	82.930	508
82.956	507	82.981	506
83.006	507	83.032	505
83.057	507	83.083	505
83.107	506	83.133	504
83.159	506	83.184	504
83.209	506	83.234	505
83.260	506	83.286	504
83.310	506	83.336	504
83.361	507	83.387	505
83.412	506	83.437	506
83.463	507	83.488	507
83.513	507	83.539	508
83.564	507	83.590	509
83.614	507	83.640	510
83.665	507	83.691	511
83.716	507	83.741	512
83.767	508	83.792	512
83.817	507	83.843	513
83.868	507	83.894	513
83.918	507	83.944	513
83.970	507	83.995	513
84.020	507	84.045	512
84.071	507	84.097	512
84.121	507	84.147	511
84.172	507	84.198	510
84.223	507	84.248	509
84.274	507	84.299	508
84.324	507	84.350	507
84.375	506	84.401	507
84.425	507	84.451	506
84.476	507	84.502	505
84.527	506	84.552	505
84.578	507	84.603	504
84.628	507	84.654	504
84.679	506	84.705	505
84.729	506	84.755	505
84.781	507	84.806	506
84.831	507	84.856	506
84.882	506	84.908	507
84.932	507	84.958	509
84.983	507	85.009	509
85.034	507	85.059	511
85.085	507	85.110	511
85.135	507	85.161	512
85.186	508	85.212	512
85.236	506	85.262	513
85.288	507	85.313	512
85.338	507	85.363	512
85.389	507	85.414	512
85.439	506	85.465	512
85.490	506	85.516	511
85.540	507	85.566	510
85.592	507	85.617	510
85.642	507	85.667	509
85.693	507	85.719	508
85.743	506	85.769	507
85.794	507	85.820	506
85.845	506	85.870	506
85.896	506	85.921	505
85.946	507	85.972	505
85.997	507	86.023	505
86.047	508	86.073	505
86.099	507	86.124	506
86.149	507	86.174	506
86.200	507	86.225	507
86.250	507	86.276	508
86.301	507	86.327	508
86.351	507	86.377	509
86.403	507	86.428	510
86.453	507	86.478	510
86.504	506	86.530	511
86.554	507	86.580	511
86.605	507	86.631	511
86.656	506	86.681	512
86.707	508	86.732	512
86.757	507	86.783	512
86.808	507	86.834	511
86.858	507	86.884	511
86.910	507	86.935	510
86.960	507	86.985	510
87.011	506	87.036	509
87.061	507	87.087	508
87.112	506	87.138	508
87.162	507	87.188	507
87.214	507	87.239	508
87.264	506	87.289	506
87.315	507	87.341	507
87.365	507	87.391	506
87.416	507	87.442	506
87.467	506	87.492	506
87.518	507	87.543	507
87.568	506	87.594	507
87.619	507	87.645	507
87.669	508	87.695	508
87.721	507	87.746	508
87.771	507	87.796	509
87.822	507	87.848	509
87.872	507	87.898	511
87.923	507	87.949	510
87.973	506	87.999	510
88.025	507	88.050	511
88.075	507	88.100	510
88.126	506	88.152	511
88.176	506	88.202	511
88.227	507	88.253	510
88.278	506	88.303	510
88.329	506	88.354	510
88.379	507	88.405	509
88.430	506	88.456	508
88.480	507	88.506	508
88.532	507	88.557	508
88.582	507	88.607	507
88.633	507	88.659	507
88.683	507	88.709	507
88.734	507	88.760	508
88.784	507	88.810	506
88.836	507	88.861	507
88.886	506	88.911	507
88.937	508	88.963	508
88.987	507	89.013	507
89.038	507	89.064	509
89.089	508	89.114	509
89.140	507	89.165	509
89.190	507	89.216	509
89.241	507	89.267	510
89.291	507	89.317	510
89.343	507	89.368	511
89.393	507	89.418	511
89.444	506	89.470	510
89.494	506	89.520	510
89.545	507	89.571	511
89.595	506	89.621	510
89.647	507	89.672	510
89.697	507	89.722	509
89.748	506	89.774	509
89.798	507	89.824	508
89.849	507	89.875	509
89.901	507	89.925	508
89.951	507	89.976	507
90.002	507	90.027	507
90.052	507	90.078	507
90.103	507	90.128	507
90.154	507	90.179	508
90.205	507	90.229	507
90.255	507	90.281	508
90.306	507	90.331	508
90.356	507	90.382	508
90.408	507	90.432	509
90.458	507	90.483	509
90.509	507	90.533	509
90.559	507	90.585	509
90.610	507	90.635	510
90.660	506	90.686	510
90.712	507	90.736	510
90.762	507	90.787	511
90.813	507	90.838	510
90.863	506	90.889	510
90.914	507	90.939	510
90.965	507	90.990	509
91.016	506	91.040	509
91.066	507	91.092	509
91.117	507	91.142	509
91.167	507	91.193	509
91.219	507	91.243	508
91.269	507	91.294	508
91.320	507	91.344	508
91.370	507	91.396	508
91.421	507	91.446	508
91.471	507	91.497	508
91.523	507	91.547	508
91.573	506	91.598	508
