#Creator: pendulumviewEventBuffer
#Creation time: Thu Mar 24 11:24:22 2022
#Time A	Pos A	Time B	Pos B
#[s]	[au]	[s]	[au]
0.026	497	0.050	448
0.076	498	0.102	449
0.127	498	0.152	451
0.177	498	0.203	449
0.229	498	0.253	450
0.279	497	0.304	451
0.330	498	0.355	452
0.380	498	0.406	451
0.431	498	0.456	452
0.482	498	0.507	452
0.533	498	0.557	452
0.583	498	0.609	452
0.634	498	0.659	451
0.684	498	0.710	450
0.735	498	0.760	450
0.786	498	0.811	450
0.837	498	0.861	449
0.887	498	0.913	449
0.938	498	0.963	449
0.988	497	1.014	454
1.040	498	1.064	461
1.090	498	1.115	473
1.141	498	1.166	489
1.191	498	1.217	508
1.242	498	1.267	526
1.293	498	1.318	547
1.344	498	1.368	566
1.394	498	1.420	584
1.445	499	1.470	600
1.495	498	1.521	613
1.546	498	1.571	621
1.597	497	1.622	626
1.648	499	1.672	626
1.698	498	1.724	622
1.749	499	1.774	613
1.799	499	1.825	601
1.851	498	1.875	586
1.901	498	1.926	568
1.952	499	1.977	549
2.002	498	2.028	528
2.053	499	2.078	509
2.104	498	2.129	491
2.155	499	2.179	476
2.205	498	2.231	464
2.256	498	2.281	455
2.306	498	2.332	451
2.357	498	2.382	451
2.408	498	2.433	456
2.459	498	2.483	464
2.509	497	2.535	477
2.560	499	2.585	492
2.610	498	2.636	510
2.662	498	2.686	529
2.712	498	2.737	549
2.763	498	2.788	568
2.813	498	2.839	585
2.864	498	2.889	600
2.915	498	2.940	612
2.966	498	2.990	620
3.016	498	3.042	624
3.067	498	3.092	624
3.117	499	3.143	620
3.169	498	3.193	610
3.219	499	3.244	598
3.270	499	3.295	583
3.320	499	3.346	566
3.371	499	3.397	546
3.421	499	3.447	526
3.473	499	3.498	507
3.523	498	3.548	490
3.574	498	3.600	476
3.624	498	3.650	465
3.675	498	3.701	456
3.726	498	3.751	452
3.777	497	3.802	453
3.827	498	3.853	458
3.878	498	3.904	467
3.928	497	3.954	479
3.980	498	4.005	495
4.030	498	4.055	513
4.081	497	4.106	532
4.131	498	4.157	551
4.182	498	4.208	570
4.232	498	4.258	587
4.284	498	4.309	601
4.334	498	4.359	612
4.385	498	4.411	620
4.435	498	4.461	623
4.486	499	4.512	623
4.537	500	4.562	618
4.588	499	4.613	608
4.638	499	4.664	596
4.689	499	4.715	581
4.739	499	4.765	562
4.791	498	4.816	543
4.841	498	4.866	524
4.892	498	4.917	506
4.942	498	4.968	489
4.993	499	5.019	476
5.043	498	5.069	464
5.095	498	5.120	457
5.145	498	5.170	454
5.196	498	5.222	455
5.246	497	5.272	461
5.297	497	5.323	470
5.348	498	5.373	482
5.399	498	5.424	498
5.449	498	5.475	516
5.500	498	5.526	535
5.550	498	5.576	554
5.602	498	5.627	571
5.652	499	5.677	588
5.703	499	5.729	602
5.753	498	5.779	612
5.804	499	5.830	619
5.854	499	5.880	622
5.906	498	5.931	621
5.956	499	5.981	615
6.007	499	6.033	606
6.057	499	6.083	594
6.108	498	6.134	578
6.159	499	6.184	560
6.210	499	6.235	542
6.260	499	6.286	523
6.311	498	6.337	505
6.361	498	6.387	489
6.413	498	6.438	476
6.463	498	6.488	464
6.514	498	6.540	458
6.564	498	6.590	455
6.615	498	6.641	457
6.665	497	6.691	462
6.717	498	6.742	472
6.767	498	6.792	485
6.818	498	6.844	501
6.868	498	6.894	518
6.919	498	6.945	537
6.970	499	6.995	556
7.021	499	7.046	574
7.071	499	7.097	589
7.122	499	7.148	602
7.172	499	7.198	613
7.224	499	7.249	619
7.274	499	7.299	622
7.325	499	7.351	619
7.375	499	7.401	613
7.426	499	7.452	603
7.476	499	7.502	591
7.528	499	7.553	575
7.578	499	7.603	558
7.629	498	7.655	539
7.679	498	7.705	520
7.730	499	7.756	503
7.781	498	7.806	487
7.832	499	7.857	475
7.882	498	7.908	465
7.933	498	7.959	459
7.983	498	8.009	457
8.035	498	8.060	458
8.085	498	8.110	465
8.136	498	8.162	475
8.186	498	8.212	488
8.237	498	8.263	504
8.287	498	8.313	521
8.339	498	8.364	539
8.389	499	8.414	557
8.440	498	8.466	575
8.490	499	8.516	590
8.541	499	8.567	602
8.592	499	8.617	612
8.643	499	8.668	618
8.693	499	8.719	620
8.744	499	8.770	618
8.794	499	8.820	611
8.846	499	8.871	601
8.896	498	8.921	588
8.947	499	8.973	573
8.997	498	9.023	555
9.048	499	9.074	537
9.098	498	9.124	519
9.150	498	9.175	502
9.200	498	9.225	487
9.251	498	9.277	474
9.301	498	9.327	465
9.352	498	9.378	460
9.404	499	9.428	458
9.454	498	9.479	460
9.505	498	9.530	466
9.555	498	9.581	477
9.606	498	9.631	491
9.657	498	9.682	506
9.708	499	9.732	523
9.758	498	9.784	541
9.809	499	9.834	559
9.859	500	9.885	576
9.911	498	9.935	591
9.961	499	9.986	603
10.012	499	10.036	611
10.062	500	10.088	617
10.113	499	10.138	618
10.163	499	10.189	615
10.215	498	10.239	609
10.265	499	10.290	599
10.316	499	10.341	586
10.366	499	10.392	571
10.417	499	10.442	553
10.468	499	10.493	535
10.519	499	10.543	517
10.569	498	10.595	501
10.620	498	10.645	486
10.670	498	10.696	474
10.722	498	10.746	466
10.772	499	10.797	461
10.823	498	10.847	460
10.873	498	10.899	463
10.924	498	10.949	469
10.974	498	11.000	480
11.026	498	11.050	493
11.076	499	11.101	508
11.127	499	11.152	526
11.177	498	11.203	543
11.228	499	11.253	561
11.279	499	11.304	578
11.330	499	11.354	592
11.380	498	11.406	603
11.431	499	11.456	611
11.481	499	11.507	616
11.533	499	11.557	617
11.583	498	11.608	614
11.634	498	11.658	607
11.684	499	11.710	597
11.735	498	11.760	584
11.785	499	11.811	568
11.837	499	11.861	551
11.887	499	11.912	533
11.938	498	11.963	516
11.988	499	12.014	500
12.039	499	12.064	486
12.090	498	12.115	474
12.141	498	12.165	466
12.191	499	12.217	462
12.242	498	12.267	461
12.292	498	12.318	464
12.344	498	12.368	471
12.394	498	12.419	482
12.445	499	12.469	496
12.495	499	12.521	511
12.546	499	12.572	528
12.596	498	12.622	546
12.648	499	12.673	563
12.698	499	12.723	579
12.749	499	12.775	592
12.799	499	12.825	603
12.850	499	12.876	611
12.901	499	12.926	615
12.952	499	12.977	616
13.002	499	13.028	612
13.053	499	13.079	604
13.103	498	13.129	595
13.155	499	13.180	580
13.205	499	13.230	565
13.256	499	13.282	548
13.306	499	13.332	531
13.357	499	13.383	514
13.407	499	13.433	499
13.459	499	13.484	485
13.509	499	13.534	474
13.560	499	13.586	467
13.610	498	13.636	463
13.661	498	13.687	463
13.712	498	13.737	466
13.763	498	13.788	474
13.813	498	13.839	484
13.864	498	13.890	498
13.914	498	13.940	513
13.966	498	13.991	530
14.016	498	14.041	547
14.067	499	14.093	564
14.117	499	14.143	580
14.168	499	14.194	593
14.218	499	14.244	604
14.270	499	14.295	611
14.320	499	14.345	614
14.371	499	14.397	614
14.421	499	14.447	610
14.472	499	14.498	602
14.523	499	14.548	592
14.574	499	14.599	578
14.624	499	14.650	563
14.675	499	14.701	546
14.725	499	14.751	529
14.777	499	14.802	512
14.827	499	14.852	498
14.878	499	14.904	484
14.928	499	14.954	474
14.979	498	15.005	467
15.029	498	15.055	464
15.081	499	15.106	465
15.131	499	15.156	468
15.182	499	15.208	476
15.232	498	15.258	487
15.283	499	15.309	500
15.334	499	15.359	516
15.385	498	15.410	533
15.435	498	15.461	549
15.486	499	15.512	566
15.536	498	15.562	581
15.588	499	15.613	593
15.638	499	15.663	604
15.689	499	15.715	610
15.739	500	15.765	613
15.790	499	15.816	613
15.841	499	15.866	608
15.892	500	15.917	600
15.942	500	15.967	589
15.993	499	16.019	576
16.043	499	16.069	561
16.094	499	16.120	544
16.145	499	16.170	527
16.196	499	16.221	512
16.246	498	16.272	496
16.297	498	16.323	484
16.347	498	16.373	474
16.399	499	16.424	468
16.449	498	16.474	465
16.500	498	16.526	466
16.550	499	16.576	471
16.601	499	16.627	478
16.652	499	16.677	490
16.703	499	16.728	504
16.753	499	16.778	519
16.804	499	16.830	535
16.854	499	16.880	552
16.905	499	16.931	568
16.956	499	16.981	582
17.007	500	17.032	594
17.058	499	17.083	603
17.108	499	17.134	610
17.159	499	17.184	612
17.210	499	17.235	611
17.261	499	17.285	606
17.311	499	17.337	598
17.362	499	17.387	587
17.412	499	17.438	574
17.464	499	17.488	558
17.514	500	17.539	542
17.565	500	17.589	526
17.615	500	17.641	510
17.666	499	17.691	495
17.716	499	17.742	484
17.768	499	17.792	475
17.818	498	17.843	468
17.869	498	17.894	466
17.919	498	17.945	467
17.970	498	17.995	472
18.021	498	18.046	480
18.072	499	18.096	492
18.122	498	18.148	505
18.173	499	18.198	521
18.223	499	18.249	537
18.275	500	18.299	554
18.325	500	18.350	570
18.376	500	18.401	582
18.426	500	18.452	594
18.477	500	18.502	604
18.527	500	18.553	609
18.579	500	18.603	611
18.629	499	18.654	610
18.680	499	18.705	605
18.730	498	18.756	596
18.781	498	18.806	584
18.832	499	18.857	571
18.883	499	18.907	556
18.933	499	18.959	540
18.984	499	19.009	524
19.034	500	19.060	509
19.086	499	19.110	495
19.136	499	19.161	484
19.187	499	19.212	475
19.237	499	19.263	470
19.288	499	19.313	468
19.338	498	19.364	469
19.390	498	19.414	475
19.440	499	19.465	483
19.491	499	19.516	494
19.541	498	19.567	508
19.592	498	19.617	523
19.643	499	19.668	539
19.694	500	19.718	555
19.744	499	19.770	570
19.795	499	19.820	583
19.845	500	19.871	595
19.897	500	19.921	603
19.947	500	19.972	608
19.998	500	20.023	610
20.048	501	20.074	608
20.099	500	20.125	602
20.149	499	20.175	594
20.201	499	20.226	583
20.251	498	20.276	569
20.302	498	20.328	554
20.352	498	20.378	538
20.403	498	20.429	521
20.454	498	20.479	507
20.505	498	20.530	494
20.555	499	20.581	484
20.606	499	20.632	475
20.656	499	20.682	469
20.708	500	20.733	469
20.758	500	20.783	471
20.809	499	20.835	477
20.859	500	20.885	485
20.910	500	20.936	497
20.961	499	20.986	510
21.012	499	21.037	525
21.062	499	21.087	540
21.113	499	21.139	557
21.163	499	21.189	572
21.214	499	21.240	584
21.265	499	21.290	594
21.316	499	21.341	603
21.366	499	21.392	607
21.417	500	21.443	608
21.467	500	21.493	606
21.519	500	21.544	600
21.569	500	21.594	592
21.620	500	21.646	580
21.670	499	21.696	566
21.721	500	21.747	553
21.772	499	21.797	536
21.823	499	21.848	521
21.873	499	21.898	507
21.924	498	21.950	494
21.974	498	22.000	484
22.025	499	22.051	476
22.076	498	22.101	471
22.127	498	22.152	470
22.177	499	22.203	473
22.228	499	22.254	479
22.278	499	22.304	487
22.330	500	22.355	499
22.380	499	22.405	512
22.431	500	22.457	527
22.481	500	22.507	543
22.532	500	22.558	558
22.583	499	22.608	573
22.634	499	22.659	585
22.684	499	22.709	595
22.735	498	22.761	602
22.785	499	22.811	607
22.836	498	22.862	607
22.887	498	22.912	603
22.938	498	22.963	598
22.988	499	23.014	589
23.039	499	23.065	578
23.089	499	23.115	564
23.141	500	23.166	550
23.191	500	23.216	535
23.242	500	23.268	520
23.292	501	23.318	506
23.343	500	23.369	493
23.394	500	23.419	483
23.445	500	23.470	477
23.495	499	23.521	473
23.546	499	23.572	472
23.596	499	23.622	475
23.647	499	23.673	481
23.698	498	23.723	489
23.749	498	23.774	502
23.800	499	23.825	515
23.850	498	23.876	529
23.901	499	23.926	544
23.952	500	23.977	559
24.003	499	24.027	573
24.053	500	24.079	585
24.104	500	24.129	595
24.154	500	24.180	602
24.206	500	24.230	605
24.256	499	24.281	605
24.307	499	24.332	603
24.357	499	24.383	596
24.408	499	24.433	587
24.458	499	24.484	576
24.510	499	24.534	562
24.560	499	24.585	548
24.611	499	24.636	533
24.661	500	24.687	518
24.712	500	24.737	504
24.763	500	24.788	493
24.814	501	24.838	484
24.864	500	24.890	477
24.915	500	24.940	474
24.965	500	24.991	474
25.017	500	25.041	477
25.067	499	25.092	483
25.118	499	25.143	492
25.168	499	25.194	505
25.219	498	25.244	517
25.269	498	25.295	531
25.321	498	25.345	547
25.371	498	25.396	561
25.422	498	25.447	574
25.472	499	25.498	586
25.523	499	25.548	595
25.574	500	25.599	601
25.625	500	25.649	604
25.675	500	25.701	604
25.726	500	25.751	600
25.776	500	25.802	594
25.828	501	25.852	585
25.878	500	25.903	574
25.929	500	25.954	560
25.979	500	26.005	546
26.030	499	26.055	531
26.081	500	26.106	517
26.132	499	26.156	504
26.182	499	26.207	492
26.233	500	26.258	484
26.283	499	26.309	478
26.334	499	26.359	475
26.385	499	26.410	474
26.436	499	26.460	478
26.486	499	26.512	485
26.537	499	26.562	494
26.587	499	26.613	506
26.639	499	26.663	519
26.689	499	26.714	533
26.740	499	26.765	548
26.790	499	26.816	562
26.841	499	26.867	575
26.892	499	26.917	586
26.943	498	26.968	594
26.993	499	27.018	600
27.044	499	27.070	603
27.094	499	27.120	602
27.145	500	27.171	598
27.196	501	27.221	592
27.247	501	27.272	583
27.297	501	27.323	571
27.348	501	27.374	558
27.398	501	27.424	544
27.450	501	27.475	529
27.500	500	27.525	516
27.551	499	27.577	503
27.601	499	27.627	492
27.652	499	27.678	484
27.703	498	27.728	478
27.754	498	27.779	476
27.804	498	27.829	476
27.855	498	27.881	480
27.905	498	27.931	487
27.956	499	27.982	497
28.007	499	28.032	508
28.058	499	28.083	521
28.108	500	28.134	536
28.159	499	28.185	550
28.209	499	28.235	563
28.261	500	28.286	576
28.311	499	28.336	586
28.362	500	28.388	594
28.412	500	28.438	600
28.463	499	28.489	601
28.514	499	28.539	601
28.565	500	28.590	598
28.615	500	28.641	590
28.666	499	28.692	581
28.716	500	28.742	569
28.767	500	28.793	557
28.818	500	28.843	542
28.869	499	28.894	528
28.919	500	28.945	514
28.970	499	28.996	503
29.020	499	29.046	493
29.072	499	29.097	484
29.122	498	29.147	479
29.173	499	29.199	477
29.223	499	29.249	479
29.274	498	29.300	482
29.325	498	29.350	490
29.376	499	29.401	499
29.426	499	29.452	511
29.477	499	29.503	524
29.527	499	29.553	538
29.578	499	29.604	551
29.629	500	29.654	564
29.680	500	29.705	576
29.730	500	29.756	586
29.781	500	29.807	593
29.831	501	29.857	600
29.883	500	29.908	601
29.933	499	29.958	599
29.984	500	30.010	595
30.034	500	30.060	588
30.085	500	30.111	579
30.136	500	30.161	567
30.187	500	30.212	554
30.237	499	30.263	540
30.288	499	30.314	527
30.338	499	30.364	514
30.389	500	30.415	502
30.440	499	30.465	492
30.491	499	30.516	485
30.541	499	30.567	480
30.592	499	30.618	478
30.642	500	30.668	480
30.694	499	30.719	484
30.744	499	30.769	492
30.795	499	30.821	501
30.845	499	30.871	512
30.896	499	30.922	526
30.947	499	30.972	539
30.998	499	31.023	553
31.048	500	31.074	565
31.099	500	31.125	578
31.149	500	31.175	587
31.201	500	31.226	593
31.251	500	31.276	598
31.302	500	31.327	600
31.352	500	31.378	598
31.403	500	31.429	594
31.453	501	31.479	586
31.505	500	31.530	576
31.555	500	31.580	565
31.606	499	31.632	552
31.656	499	31.682	538
31.707	499	31.733	525
31.758	500	31.783	513
31.809	499	31.834	501
31.859	499	31.885	492
31.910	500	31.936	485
31.960	499	31.986	481
32.012	499	32.037	479
32.062	499	32.087	482
32.113	499	32.138	486
32.163	499	32.189	493
32.214	500	32.240	503
32.264	500	32.290	515
32.316	500	32.341	528
32.366	500	32.391	541
32.417	500	32.443	554
32.467	500	32.493	567
32.518	500	32.544	577
32.569	500	32.594	587
32.620	500	32.645	593
32.670	500	32.696	597
32.721	500	32.747	598
32.771	500	32.797	596
32.823	500	32.848	592
32.873	500	32.898	584
32.924	500	32.949	574
32.974	499	33.000	563
33.025	500	33.051	550
33.075	500	33.101	537
33.127	500	33.152	525
33.177	500	33.202	512
33.228	500	33.254	501
33.278	499	33.304	492
33.329	500	33.355	485
33.380	499	33.405	481
33.431	499	33.456	481
33.481	500	33.507	483
33.532	499	33.558	488
33.582	499	33.608	496
33.634	500	33.659	505
33.684	500	33.709	516
33.735	500	33.761	529
33.785	500	33.811	543
33.836	500	33.862	555
33.886	501	33.912	567
33.938	500	33.963	578
33.988	501	34.013	587
34.039	500	34.065	593
34.089	500	34.115	596
34.140	500	34.166	597
34.191	500	34.216	595
34.242	500	34.267	590
34.292	499	34.318	582
34.343	500	34.369	573
34.393	499	34.419	561
34.445	500	34.470	548
34.495	500	34.520	536
34.546	500	34.572	523
34.596	500	34.622	511
34.647	500	34.673	501
34.697	500	34.723	492
34.749	499	34.774	486
34.799	500	34.824	482
34.850	499	34.876	482
34.900	499	34.926	485
34.951	499	34.977	490
35.002	499	35.027	498
35.053	499	35.078	507
35.103	500	35.129	519
35.154	500	35.180	531
35.204	500	35.230	544
35.256	500	35.281	557
35.306	500	35.331	568
35.357	500	35.383	578
35.407	500	35.433	586
35.458	500	35.484	592
35.508	500	35.534	595
35.560	500	35.585	596
35.610	500	35.635	593
35.661	499	35.687	588
35.711	500	35.737	580
35.762	500	35.788	570
35.813	499	35.838	560
35.864	500	35.889	547
35.914	500	35.940	534
35.965	500	35.991	522
36.015	499	36.041	510
36.067	500	36.092	501
36.117	500	36.142	493
36.168	500	36.194	487
36.218	500	36.244	484
36.269	500	36.295	485
36.319	500	36.345	487
36.371	500	36.396	492
36.422	500	36.446	500
36.472	500	36.498	510
36.523	500	36.548	521
36.573	500	36.599	533
36.625	500	36.649	546
36.675	500	36.700	558
36.726	500	36.751	569
36.776	500	36.802	579
36.827	500	36.852	587
36.878	500	36.903	592
36.929	500	36.953	594
36.979	500	37.005	594
37.030	500	37.055	591
37.080	500	37.106	586
37.132	500	37.156	578
37.182	500	37.207	568
37.233	500	37.257	557
37.283	500	37.309	545
37.334	500	37.359	533
37.384	500	37.410	520
37.436	500	37.460	510
37.486	500	37.511	501
37.537	500	37.562	492
37.587	500	37.613	488
37.638	500	37.663	485
37.689	500	37.714	485
37.740	500	37.764	489
37.790	500	37.816	494
37.841	500	37.866	502
37.891	499	37.917	511
37.943	500	37.967	523
37.993	500	38.018	535
38.044	500	38.068	547
38.094	500	38.120	559
38.145	500	38.170	570
38.195	500	38.221	580
38.247	500	38.271	586
38.297	500	38.322	591
38.348	500	38.373	593
38.398	500	38.424	592
38.449	500	38.474	590
38.500	500	38.525	584
38.551	500	38.575	576
38.601	500	38.627	566
38.652	500	38.677	555
38.702	500	38.728	543
38.754	500	38.778	531
38.804	500	38.829	520
38.855	500	38.879	509
38.905	500	38.931	500
38.956	500	38.981	493
39.006	500	39.032	488
39.058	500	39.082	486
39.108	499	39.133	487
39.159	499	39.184	490
39.209	500	39.235	496
39.260	499	39.285	503
39.311	500	39.336	514
39.362	500	39.387	525
39.412	500	39.438	536
39.463	500	39.489	548
39.513	500	39.539	560
39.565	501	39.590	571
39.615	500	39.640	579
39.666	500	39.692	586
39.716	500	39.742	590
39.767	500	39.793	592
39.817	499	39.843	591
39.869	500	39.894	588
39.919	500	39.944	582
39.970	500	39.996	574
40.020	500	40.046	564
40.071	499	40.097	554
40.122	500	40.147	542
40.173	500	40.198	530
40.223	500	40.249	519
40.274	501	40.300	508
40.324	500	40.350	500
40.376	500	40.401	494
40.426	500	40.451	489
40.477	501	40.503	487
40.527	500	40.553	489
40.578	500	40.604	492
40.628	499	40.654	497
40.680	499	40.705	506
40.730	499	40.755	516
40.781	500	40.807	527
40.831	500	40.857	538
40.882	500	40.908	550
40.933	500	40.958	561
40.984	500	41.009	570
41.034	500	41.060	579
41.085	501	41.111	586
41.135	501	41.161	590
41.187	499	41.212	591
41.237	500	41.262	590
41.288	501	41.314	587
41.338	501	41.364	581
41.389	500	41.415	572
41.439	500	41.465	562
41.491	500	41.516	551
41.541	500	41.566	540
41.592	500	41.618	529
41.642	500	41.668	518
41.693	500	41.719	508
41.744	500	41.769	500
41.795	500	41.820	494
41.845	500	41.871	490
41.896	500	41.922	489
41.946	500	41.972	490
41.998	500	42.023	494
42.048	500	42.073	500
42.099	500	42.125	508
42.149	500	42.175	518
42.200	499	42.226	528
42.250	500	42.276	539
42.302	500	42.327	551
42.352	500	42.377	562
42.403	500	42.429	571
42.453	500	42.479	579
42.504	500	42.530	585
42.555	500	42.580	588
42.606	501	42.631	591
42.657	501	42.682	589
42.707	501	42.733	584
42.758	501	42.783	579
42.809	501	42.834	571
42.860	500	42.884	561
42.910	500	42.936	550
42.961	500	42.986	539
43.011	500	43.037	527
43.063	500	43.087	517
43.113	500	43.138	508
43.164	499	43.188	500
43.214	499	43.240	494
43.265	500	43.290	491
43.315	500	43.341	490
43.367	499	43.391	491
43.417	500	43.442	495
43.468	500	43.493	502
43.518	500	43.544	510
43.569	500	43.594	520
43.620	500	43.645	531
43.671	500	43.695	541
43.721	500	43.747	552
43.772	500	43.797	563
43.822	500	43.848	572
43.874	500	43.898	580
43.924	500	43.949	585
43.975	501	43.999	588
44.025	500	44.051	589
44.076	500	44.101	587
44.126	500	44.152	582
44.178	501	44.202	576
44.228	500	44.253	568
44.279	500	44.304	559
44.329	501	44.355	549
44.380	500	44.405	537
44.431	500	44.456	527
44.482	500	44.506	516
44.532	500	44.558	507
44.583	501	44.608	500
44.633	500	44.659	495
44.685	500	44.709	492
44.735	500	44.760	491
44.786	500	44.810	493
44.836	499	44.862	497
44.887	500	44.912	504
44.937	499	44.963	512
44.989	500	45.013	522
45.039	500	45.064	532
45.090	501	45.115	543
45.140	500	45.166	553
45.191	501	45.216	563
45.242	501	45.267	572
45.293	501	45.317	579
45.343	501	45.369	584
45.394	501	45.419	587
45.444	500	45.470	587
45.496	501	45.520	586
45.546	501	45.571	581
45.597	501	45.621	575
45.647	500	45.673	567
45.698	500	45.724	557
45.748	500	45.774	547
45.800	500	45.825	535
45.850	500	45.875	525
45.901	500	45.927	515
45.951	500	45.977	507
46.002	500	46.028	500
46.053	501	46.078	496
46.104	501	46.129	492
46.154	501	46.180	492
46.205	500	46.231	495
46.255	500	46.281	499
46.307	500	46.332	505
46.357	500	46.382	515
46.408	500	46.434	523
46.458	500	46.484	533
46.509	500	46.535	545
46.559	500	46.585	555
46.611	500	46.636	564
46.661	500	46.686	572
46.712	501	46.738	580
46.762	501	46.788	583
46.813	503	46.839	586
46.864	501	46.889	587
46.915	501	46.940	584
46.965	501	46.991	579
47.016	500	47.042	572
47.066	501	47.092	565
47.118	500	47.143	555
47.168	501	47.193	545
47.219	500	47.245	535
47.269	500	47.295	524
47.320	500	47.346	515
47.370	500	47.396	507
47.422	499	47.447	500
47.472	500	47.497	496
47.523	500	47.549	494
47.573	500	47.599	494
47.624	500	47.650	496
47.675	501	47.700	501
47.726	499	47.751	508
47.776	500	47.802	516
47.827	500	47.853	525
47.877	501	47.903	535
47.929	501	47.954	545
47.979	501	48.004	556
48.030	501	48.056	565
48.080	500	48.106	573
48.131	501	48.157	580
48.181	501	48.207	583
48.233	501	48.258	585
48.283	500	48.308	585
48.334	501	48.360	583
48.384	500	48.410	577
48.435	500	48.461	571
48.486	501	48.511	563
48.537	501	48.562	554
48.587	501	48.613	544
48.638	501	48.664	533
48.688	501	48.714	524
48.740	501	48.765	515
48.790	500	48.815	507
48.841	500	48.867	501
48.891	501	48.917	497
48.942	500	48.968	495
48.993	500	49.018	495
49.044	501	49.069	498
49.094	500	49.119	502
49.145	500	49.171	509
49.195	500	49.221	517
49.246	501	49.272	526
49.297	500	49.322	537
49.348	501	49.373	547
49.398	501	49.424	557
49.449	501	49.475	565
49.499	501	49.525	573
49.551	500	49.576	579
49.601	501	49.626	583
49.652	501	49.678	585
49.702	500	49.728	584
49.753	501	49.779	581
49.804	501	49.829	576
49.855	501	49.880	569
49.905	500	49.930	561
49.956	501	49.982	552
50.006	500	50.032	543
50.057	501	50.083	532
50.108	500	50.133	523
50.159	500	50.184	514
50.210	500	50.235	507
50.260	500	50.286	501
50.311	500	50.336	497
50.362	500	50.387	496
50.413	501	50.437	497
50.463	501	50.489	499
50.514	500	50.539	504
50.564	500	50.590	512
50.616	501	50.640	519
50.666	500	50.691	528
50.717	500	50.741	538
50.767	501	50.793	548
50.818	501	50.843	557
50.868	500	50.894	566
50.920	501	50.944	573
50.970	501	50.995	578
51.021	501	51.046	582
51.071	501	51.097	583
51.122	501	51.147	582
51.173	501	51.198	579
51.224	501	51.248	574
51.274	501	51.300	568
51.325	501	51.350	560
51.375	501	51.401	550
51.427	501	51.451	541
51.477	501	51.502	532
51.528	500	51.553	522
51.578	500	51.604	514
51.629	501	51.654	507
51.679	500	51.705	502
51.731	500	51.755	498
51.781	501	51.806	497
51.832	500	51.857	499
51.882	500	51.908	501
51.933	501	51.958	506
51.984	501	52.009	513
52.035	501	52.059	521
52.085	501	52.111	530
52.136	500	52.161	539
52.186	501	52.212	549
52.238	500	52.262	558
52.288	500	52.313	566
52.339	500	52.364	573
52.389	501	52.415	577
52.440	500	52.465	581
52.490	501	52.516	582
52.542	501	52.566	581
52.592	501	52.617	579
52.643	501	52.668	573
52.693	500	52.719	565
52.744	501	52.769	558
52.795	501	52.820	549
52.846	501	52.870	540
52.896	501	52.922	530
52.947	501	52.972	521
52.997	501	53.023	513
53.049	501	53.073	507
53.099	500	53.124	503
53.150	500	53.175	499
53.200	501	53.226	498
53.251	501	53.277	500
53.301	500	53.327	503
53.353	501	53.378	508
53.403	501	53.428	515
53.454	501	53.480	523
53.504	501	53.530	531
53.555	502	53.581	541
53.606	501	53.631	550
53.657	501	53.682	558
53.707	501	53.733	566
53.758	501	53.784	573
53.808	501	53.834	577
53.860	501	53.885	580
53.910	501	53.935	581
53.961	501	53.987	580
54.011	501	54.037	576
54.062	501	54.088	571
54.113	501	54.138	564
54.164	500	54.189	557
54.214	501	54.239	548
54.265	501	54.291	538
54.315	501	54.341	528
54.366	501	54.392	521
54.417	501	54.442	513
54.468	501	54.493	507
54.518	501	54.544	503
54.569	501	54.595	500
54.619	500	54.645	500
54.671	500	54.696	501
54.721	501	54.746	505
54.772	501	54.798	510
54.822	501	54.848	517
54.873	500	54.899	525
54.924	501	54.949	533
54.975	500	55.000	542
55.025	500	55.050	551
55.076	500	55.102	559
55.126	501	55.152	566
55.177	501	55.203	572
55.228	501	55.253	576
55.279	501	55.304	579
55.329	501	55.355	580
55.380	501	55.406	578
55.430	501	55.456	574
55.482	501	55.507	569
55.532	501	55.557	562
55.583	501	55.609	555
55.633	501	55.659	546
55.684	501	55.710	537
55.735	501	55.760	528
55.786	501	55.811	520
55.836	501	55.861	513
55.887	500	55.913	508
55.937	500	55.963	504
55.988	501	56.014	501
56.039	501	56.064	501
56.090	500	56.115	503
56.140	501	56.166	507
56.191	500	56.217	512
56.241	501	56.267	518
56.293	501	56.318	526
56.343	501	56.368	534
56.394	501	56.420	543
56.444	501	56.470	551
56.495	501	56.521	560
56.546	501	56.571	567
56.597	501	56.622	572
56.647	501	56.673	576
56.698	501	56.724	578
56.748	501	56.774	579
56.799	501	56.825	576
56.850	501	56.875	573
56.901	501	56.926	568
56.952	501	56.977	561
57.002	501	57.028	553
57.053	501	57.078	544
57.104	501	57.129	536
57.155	501	57.179	527
57.205	500	57.231	520
57.256	501	57.281	513
57.306	501	57.332	508
57.358	501	57.382	504
57.408	501	57.433	502
57.459	501	57.484	502
57.509	500	57.535	504
57.560	501	57.585	508
57.610	501	57.636	513
57.662	501	57.686	520
57.712	501	57.737	527
57.763	501	57.788	536
57.813	502	57.839	544
57.864	501	57.889	553
57.915	501	57.940	560
57.966	501	57.990	567
58.016	501	58.042	572
58.067	501	58.092	575
58.117	501	58.143	577
58.169	501	58.193	577
58.219	501	58.244	575
58.270	501	58.295	571
58.320	501	58.346	566
58.371	501	58.396	560
58.421	501	58.447	551
58.473	501	58.497	543
58.523	501	58.548	535
58.574	501	58.599	527
58.624	500	58.650	520
58.675	500	58.700	514
58.726	501	58.751	508
58.777	501	58.801	505
58.827	501	58.853	503
58.878	500	58.903	504
58.928	501	58.954	506
58.980	500	59.004	509
59.030	501	59.055	516
59.081	500	59.106	522
59.131	501	59.157	529
59.182	501	59.207	537
59.233	501	59.258	545
59.284	502	59.308	554
59.334	501	59.359	560
59.385	501	59.410	567
59.435	501	59.461	571
59.486	502	59.511	574
59.537	501	59.562	576
59.588	501	59.612	576
59.638	501	59.664	573
59.689	502	59.714	569
59.739	501	59.765	564
59.791	501	59.815	558
59.841	501	59.866	550
59.892	501	59.917	542
59.942	502	59.968	534
59.993	500	60.019	526
60.044	501	60.069	519
60.095	501	60.120	513
60.145	501	60.170	508
60.196	501	60.222	506
60.246	501	60.272	505
60.297	501	60.323	505
60.348	502	60.373	507
60.399	501	60.424	510
60.449	501	60.475	517
60.500	501	60.526	523
60.550	501	60.576	531
60.602	501	60.627	538
60.652	501	60.677	546
60.703	501	60.729	554
60.753	501	60.779	561
60.804	501	60.830	567
60.855	501	60.880	571
60.906	502	60.931	574
60.956	502	60.981	575
61.007	501	61.033	575
61.057	501	61.083	572
61.108	501	61.134	568
61.159	501	61.184	563
61.210	501	61.235	556
61.260	502	61.286	549
61.311	501	61.337	541
61.361	501	61.387	533
61.413	501	61.438	526
61.463	501	61.488	519
61.514	501	61.540	513
61.564	501	61.590	509
61.615	501	61.641	507
61.666	501	61.691	505
61.717	501	61.742	506
61.767	500	61.793	509
61.818	501	61.844	512
61.868	501	61.894	519
61.919	500	61.945	525
61.970	501	61.995	532
62.021	501	62.046	540
62.071	501	62.097	548
62.122	501	62.148	554
62.172	501	62.198	562
62.224	502	62.249	567
62.274	501	62.299	571
62.325	501	62.351	573
62.375	502	62.401	574
62.426	501	62.452	573
62.477	501	62.502	571
62.528	502	62.553	567
62.578	501	62.604	561
62.629	501	62.655	555
62.679	501	62.705	547
62.730	501	62.756	542
62.781	501	62.806	533
62.832	501	62.857	526
62.882	501	62.908	519
62.933	501	62.959	514
62.983	501	63.009	510
63.035	501	63.060	508
63.085	501	63.110	507
63.136	501	63.162	508
63.186	501	63.212	510
63.237	501	63.263	514
63.288	501	63.313	520
63.339	501	63.364	526
63.389	501	63.415	533
63.440	501	63.466	541
63.490	501	63.516	548
63.541	501	63.567	555
63.592	501	63.617	561
63.643	501	63.668	566
63.693	501	63.719	570
63.744	501	63.770	572
63.794	501	63.820	573
63.846	501	63.871	572
63.896	501	63.921	569
63.947	502	63.973	565
63.997	502	64.023	559
64.048	501	64.074	553
64.099	501	64.124	547
64.150	501	64.175	539
64.200	501	64.226	532
64.251	501	64.277	525
64.301	501	64.327	519
64.353	501	64.378	514
64.403	501	64.428	510
64.454	501	64.479	508
64.504	501	64.530	508
64.555	501	64.581	510
64.605	501	64.631	512
64.657	501	64.682	516
64.707	501	64.732	522
64.758	501	64.784	528
64.808	502	64.834	535
64.859	501	64.885	542
64.910	501	64.935	549
64.961	502	64.986	556
65.011	501	65.037	562
65.062	501	65.088	566
65.112	501	65.138	570
65.164	501	65.189	572
65.214	502	65.239	572
65.265	501	65.290	571
65.315	501	65.341	568
65.366	501	65.392	564
65.416	501	65.442	559
65.468	501	65.493	552
65.518	501	65.543	545
65.569	501	65.595	538
65.619	501	65.645	531
65.670	501	65.696	525
65.721	501	65.746	519
65.772	501	65.797	514
65.822	501	65.848	512
65.873	501	65.899	510
65.923	501	65.949	509
65.975	501	66.000	511
66.025	501	66.050	514
66.076	501	66.101	518
66.126	501	66.152	523
66.177	501	66.203	529
66.227	501	66.253	536
66.279	501	66.304	543
66.329	501	66.354	550
66.380	501	66.406	555
66.430	500	66.456	561
66.481	501	66.507	566
66.532	502	66.557	569
66.583	502	66.608	570
66.633	502	66.659	571
66.684	502	66.710	569
66.734	501	66.760	566
66.786	502	66.811	562
66.836	502	66.861	557
66.887	501	66.913	550
66.937	501	66.963	543
66.988	502	67.014	537
67.038	500	67.064	531
67.090	501	67.115	524
67.140	501	67.165	520
67.191	502	67.217	515
67.241	501	67.267	512
67.292	501	67.318	511
67.343	501	67.368	511
67.394	501	67.419	512
67.444	501	67.470	515
67.495	501	67.521	520
67.545	501	67.571	524
67.597	501	67.622	530
67.647	501	67.672	538
67.698	501	67.724	544
67.748	501	67.774	550
67.799	502	67.825	557
67.849	502	67.875	561
67.901	501	67.926	565
67.951	502	67.976	569
68.002	502	68.028	570
68.052	502	68.078	569
68.103	501	68.129	568
68.154	502	68.179	565
68.205	501	68.230	560
68.255	501	68.281	555
68.306	501	68.332	549
68.356	501	68.382	543
68.408	502	68.433	537
68.458	501	68.483	530
68.509	501	68.535	524
68.559	501	68.585	519
68.610	501	68.636	516
68.660	501	68.686	513
68.712	501	68.737	512
68.762	501	68.787	512
68.813	501	68.839	514
68.863	501	68.889	516
68.914	501	68.940	521
68.966	501	68.990	526
69.016	501	69.041	532
69.067	501	69.092	538
69.117	501	69.143	545
69.168	501	69.193	551
69.219	501	69.244	557
69.270	501	69.294	561
69.320	501	69.346	566
69.371	502	69.396	567
69.421	501	69.447	569
69.473	502	69.497	569
69.523	501	69.548	566
69.574	502	69.598	563
69.624	501	69.650	559
69.675	501	69.700	555
69.725	501	69.751	548
69.777	501	69.801	542
69.827	501	69.852	536
69.878	501	69.903	529
69.928	502	69.954	524
69.979	500	70.004	519
70.030	501	70.055	516
70.081	502	70.105	514
70.131	501	70.157	513
70.182	501	70.207	513
70.232	501	70.258	515
70.284	501	70.308	518
70.334	501	70.359	522
70.385	501	70.409	527
70.435	501	70.461	533
70.486	501	70.511	539
70.536	501	70.562	545
70.588	502	70.612	552
70.638	501	70.663	557
70.689	502	70.714	561
70.739	502	70.765	564
70.790	502	70.815	566
70.841	502	70.866	567
70.892	501	70.916	567
70.942	502	70.968	565
70.993	501	71.018	562
71.043	501	71.069	558
71.095	501	71.119	552
71.145	502	71.170	547
71.196	501	71.220	541
71.246	501	71.272	535
71.297	501	71.322	529
71.347	501	71.373	524
71.399	501	71.423	519
71.449	501	71.474	517
71.500	501	71.525	514
71.550	501	71.576	513
71.601	501	71.626	515
71.652	501	71.677	517
71.703	502	71.727	520
71.753	501	71.779	524
71.804	501	71.829	529
71.854	501	71.880	535
71.906	501	71.930	540
71.956	501	71.981	546
72.007	502	72.031	551
72.057	502	72.083	557
72.108	502	72.134	560
72.158	502	72.184	563
72.210	501	72.235	565
72.260	502	72.285	566
72.311	502	72.337	566
72.361	501	72.387	563
72.412	501	72.438	560
72.463	501	72.488	556
72.514	502	72.539	551
72.564	502	72.590	545
72.615	502	72.641	540
72.665	501	72.691	534
72.717	501	72.742	529
72.767	502	72.792	524
72.818	502	72.844	520
72.868	502	72.894	517
72.919	501	72.945	515
72.969	501	72.995	515
73.021	501	73.046	516
73.071	501	73.096	518
73.122	501	73.148	522
73.172	501	73.198	525
73.223	501	73.249	530
73.274	501	73.299	535
73.325	501	73.350	541
73.375	501	73.401	547
73.426	501	73.452	552
73.476	501	73.502	557
73.528	501	73.553	561
73.578	502	73.603	563
73.629	502	73.655	565
73.679	501	73.705	565
73.730	502	73.756	565
73.780	501	73.806	562
73.832	501	73.857	558
73.882	502	73.907	555
73.933	501	73.959	550
73.983	501	74.009	545
74.034	501	74.060	539
74.085	501	74.110	533
74.136	502	74.161	529
74.186	502	74.212	524
74.237	501	74.263	521
74.287	501	74.313	518
74.339	501	74.364	516
74.389	501	74.414	516
74.440	502	74.466	517
74.490	501	74.516	520
74.541	501	74.567	522
74.591	502	74.617	527
74.643	501	74.668	531
74.693	502	74.718	537
74.744	502	74.770	542
74.794	501	74.820	547
74.845	502	74.871	552
74.896	501	74.921	557
74.947	501	74.972	560
74.997	502	75.023	562
75.048	502	75.074	563
75.098	502	75.124	564
75.150	501	75.175	563
75.200	502	75.225	561
75.251	502	75.277	557
75.301	502	75.327	554
75.352	501	75.378	548
75.402	502	75.428	543
75.454	502	75.479	538
75.504	502	75.529	533
75.555	501	75.581	528
75.605	502	75.631	525
75.656	501	75.682	521
75.707	502	75.732	518
75.758	501	75.783	518
75.809	502	75.834	518
75.859	501	75.885	519
75.910	501	75.935	521
75.961	502	75.986	525
76.012	501	76.036	528
76.062	502	76.088	533
76.113	501	76.138	538
76.163	502	76.189	543
76.215	501	76.239	548
76.265	502	76.290	553
76.316	502	76.340	557
76.366	501	76.392	560
76.417	502	76.442	562
76.467	502	76.493	563
76.519	502	76.543	563
76.569	502	76.594	561
76.620	502	76.645	559
76.670	501	76.696	556
76.721	501	76.746	552
76.772	501	76.797	547
76.823	501	76.847	543
76.873	501	76.899	537
76.924	501	76.949	533
76.974	502	77.000	529
77.026	501	77.050	525
77.076	502	77.101	521
77.127	501	77.151	519
77.177	502	77.203	519
77.228	502	77.253	519
77.278	501	77.304	520
77.330	501	77.354	522
77.380	502	77.405	526
77.431	502	77.456	529
77.481	502	77.507	534
77.532	501	77.557	539
77.583	502	77.608	544
77.634	501	77.658	549
77.684	502	77.710	553
77.735	502	77.760	556
77.785	501	77.811	559
77.837	502	77.861	562
77.887	501	77.912	562
77.938	501	77.962	562
77.988	502	78.014	560
78.039	502	78.064	558
78.089	501	78.115	555
78.141	501	78.165	551
78.191	502	78.216	546
78.242	501	78.267	542
78.292	502	78.318	537
78.343	501	78.368	532
78.394	502	78.419	528
78.445	501	78.469	525
78.495	502	78.521	522
78.546	502	78.571	520
78.596	501	78.622	520
78.648	501	78.672	520
78.698	501	78.723	523
78.749	501	78.773	524
78.799	501	78.825	527
78.850	502	78.876	531
78.900	501	78.926	536
78.952	501	78.977	540
79.002	502	79.027	545
79.053	502	79.079	549
79.103	501	79.129	553
79.154	502	79.180	556
79.205	502	79.230	560
79.256	501	79.281	560
79.306	502	79.332	561
79.357	501	79.383	561
79.407	502	79.433	559
79.459	502	79.484	556
79.509	501	79.534	553
79.560	501	79.586	550
79.610	501	79.636	545
79.661	502	79.687	540
79.711	502	79.737	537
79.763	502	79.788	532
79.813	502	79.838	529
79.864	502	79.890	525
79.914	502	79.940	523
79.965	502	79.991	521
80.016	502	80.041	520
80.067	502	80.092	521
80.117	502	80.143	523
80.168	501	80.194	525
80.218	501	80.244	529
80.270	502	80.295	532
80.320	501	80.345	537
80.371	502	80.397	541
80.421	502	80.447	545
80.472	502	80.498	549
80.522	502	80.548	554
80.574	502	80.599	557
80.624	502	80.649	558
80.675	502	80.701	560
80.725	502	80.751	561
80.776	501	80.802	559
80.827	501	80.852	558
80.878	501	80.903	555
80.928	501	80.954	552
80.979	502	81.005	549
81.029	502	81.055	544
81.081	501	81.106	539
81.131	501	81.156	536
81.182	502	81.208	531
81.232	501	81.258	528
81.283	501	81.309	525
81.333	502	81.359	524
81.385	502	81.410	522
81.435	501	81.460	522
81.486	501	81.512	523
81.536	502	81.562	524
81.587	502	81.613	528
81.638	501	81.663	529
81.689	502	81.714	534
81.739	502	81.765	537
81.790	502	81.816	542
81.840	502	81.866	546
81.892	502	81.917	550
81.942	502	81.967	553
81.993	502	82.019	556
82.043	502	82.069	558
82.094	502	82.120	559
82.145	502	82.170	559
82.196	501	82.221	558
82.246	502	82.271	557
82.297	501	82.323	554
82.347	501	82.373	551
82.398	501	82.424	547
82.449	502	82.474	543
82.500	501	82.525	539
82.550	502	82.576	536
82.601	501	82.627	531
82.651	502	82.677	528
82.703	501	82.728	526
82.753	502	82.778	524
82.804	501	82.830	523
82.854	502	82.880	524
82.905	502	82.931	524
82.956	501	82.981	526
83.007	502	83.032	529
83.057	502	83.082	531
83.108	501	83.134	535
83.158	502	83.184	538
83.209	502	83.235	543
83.260	503	83.285	546
83.311	502	83.336	550
83.362	502	83.387	553
83.412	502	83.438	556
83.463	502	83.488	557
83.514	502	83.539	558
83.565	502	83.589	558
83.615	501	83.641	557
83.666	502	83.691	555
83.716	502	83.742	553
83.768	501	83.792	549
83.818	502	83.843	547
83.869	501	83.893	542
83.919	501	83.945	538
83.970	502	83.995	535
84.020	501	84.046	531
84.072	501	84.096	528
84.122	501	84.147	526
84.173	502	84.198	524
84.223	501	84.249	524
84.274	502	84.299	524
84.325	502	84.350	525
84.376	502	84.400	527
84.426	501	84.452	529
84.477	502	84.502	532
84.527	502	84.553	536
84.579	502	84.603	539
84.629	502	84.654	543
84.680	502	84.705	547
84.730	502	84.756	550
84.781	502	84.806	552
84.831	502	84.857	555
84.883	503	84.907	557
84.933	503	84.958	557
84.984	502	85.009	557
85.034	502	85.060	556
85.085	502	85.110	554
85.136	501	85.161	551
85.187	502	85.211	548
85.237	501	85.263	545
85.288	501	85.313	541
85.338	501	85.364	538
85.390	501	85.414	535
85.440	501	85.465	531
85.491	502	85.516	529
85.541	502	85.567	527
85.592	502	85.617	526
85.642	502	85.668	525
85.694	502	85.718	525
85.744	502	85.769	527
85.795	502	85.820	528
85.845	502	85.871	531
85.896	502	85.921	533
85.947	502	85.972	537
85.998	502	86.022	540
86.048	502	86.074	543
86.099	501	86.124	547
86.149	502	86.175	549
86.201	502	86.225	552
86.251	502	86.276	554
86.302	502	86.327	556
86.352	502	86.378	556
86.403	502	86.429	556
86.453	502	86.479	555
86.505	502	86.530	553
86.555	502	86.580	551
86.606	502	86.632	547
86.656	502	86.682	544
86.707	502	86.733	541
86.758	502	86.783	538
86.809	502	86.834	535
86.859	501	86.885	531
86.910	502	86.936	529
86.960	501	86.986	527
87.012	502	87.037	526
87.062	502	87.087	527
87.113	502	87.139	526
87.163	502	87.189	527
87.214	502	87.240	529
87.265	502	87.290	532
87.316	502	87.341	534
87.366	503	87.391	538
87.417	502	87.443	542
87.467	502	87.493	545
87.518	502	87.544	547
87.569	502	87.594	550
87.620	502	87.645	553
87.670	501	87.696	554
87.721	501	87.747	556
87.771	502	87.797	555
87.823	502	87.848	555
87.873	502	87.898	554
87.924	502	87.950	552
87.974	502	88.000	549
88.025	501	88.051	546
88.076	502	88.101	543
88.127	502	88.152	539
88.177	502	88.202	537
88.228	502	88.254	534
88.278	502	88.304	532
88.329	503	88.355	529
88.380	502	88.405	528
88.431	502	88.456	527
88.481	502	88.507	527
88.532	501	88.558	527
88.582	502	88.608	529
88.634	502	88.659	530
88.684	502	88.709	534
88.735	502	88.761	536
88.785	501	88.811	538
88.836	501	88.862	541
88.887	502	88.912	545
88.938	501	88.963	548
88.988	502	89.013	550
89.039	502	89.065	551
89.089	502	89.115	554
89.140	502	89.166	554
89.191	502	89.216	554
89.242	502	89.267	554
89.292	502	89.318	552
89.343	502	89.369	551
89.393	502	89.419	548
89.445	501	89.470	545
89.495	501	89.520	542
89.546	502	89.572	539
89.596	502	89.622	537
89.647	502	89.673	534
89.698	502	89.723	532
89.749	502	89.774	530
89.799	502	89.825	528
89.850	502	89.876	528
89.900	502	89.926	528
89.951	502	89.977	530
90.002	502	90.027	530
90.053	502	90.078	532
90.104	501	90.129	534
90.154	501	90.180	537
90.205	502	90.230	540
90.256	501	90.281	542
90.307	502	90.331	545
90.357	502	90.383	547
90.408	502	90.433	550
90.458	502	90.484	552
90.510	502	90.534	553
90.560	502	90.585	552
90.611	502	90.636	553
90.661	502	90.687	552
90.712	502	90.737	551
90.762	502	90.788	549
90.814	502	90.838	547
90.864	502	90.889	545
90.915	502	90.940	542
90.965	502	90.991	539
91.016	502	91.041	537
91.067	502	91.092	534
91.118	502	91.142	532
91.168	502	91.194	531
91.219	502	91.244	530
91.269	502	91.295	529
91.321	502	91.345	529
91.371	503	91.396	530
91.422	502	91.447	532
91.472	501	91.498	533
91.523	502	91.548	536
91.573	502	91.599	538
91.625	502	91.649	541
91.675	502	91.700	542
91.726	501	91.751	545
91.776	502	91.802	548
91.827	501	91.852	549
91.878	501	91.903	551
91.929	502	91.953	552
91.979	502	92.005	552
92.030	502	92.055	551
92.080	502	92.106	551
92.132	502	92.156	550
92.182	502	92.207	548
92.233	502	92.258	546
92.283	502	92.309	544
92.334	502	92.359	541
92.385	503	92.410	539
92.436	502	92.460	536
92.486	502	92.511	534
92.537	502	92.562	532
92.587	502	92.613	531
92.638	502	92.663	530
92.689	502	92.714	530
92.740	502	92.764	531
92.790	503	92.816	532
92.841	502	92.866	533
92.891	502	92.917	535
92.943	503	92.967	537
92.993	502	93.018	539
93.044	502	93.069	542
93.094	502	93.120	543
93.145	503	93.171	545
93.196	503	93.221	547
93.247	501	93.272	549
93.297	502	93.322	551
93.348	502	93.374	551
93.398	501	93.424	551
93.449	502	93.475	550
93.500	502	93.525	550
93.551	502	93.576	549
93.601	502	93.627	547
93.652	502	93.678	545
93.702	502	93.728	543
93.754	501	93.779	540
93.804	502	93.829	538
93.855	502	93.881	536
93.905	502	93.931	535
93.956	503	93.982	533
94.007	502	94.032	532
94.058	502	94.083	532
94.108	502	94.133	531
94.159	502	94.185	532
94.209	502	94.235	533
94.260	501	94.286	534
94.311	502	94.336	536
94.362	503	94.387	537
94.412	502	94.438	540
94.463	502	94.489	542
94.513	503	94.539	544
94.565	502	94.590	546
94.615	503	94.640	547
94.666	502	94.692	549
94.716	502	94.742	550
94.767	502	94.793	550
94.818	502	94.843	550
94.869	502	94.894	550
94.919	502	94.945	549
94.970	502	94.996	548
95.020	503	95.046	546
95.071	502	95.097	544
95.122	502	95.147	543
95.173	502	95.198	540
95.223	502	95.249	538
95.274	501	95.300	536
95.324	502	95.350	535
95.376	502	95.401	534
95.426	502	95.451	533
95.477	502	95.503	533
95.527	502	95.553	532
95.578	502	95.604	533
95.629	502	95.654	534
95.680	502	95.705	535
95.730	501	95.756	536
95.781	502	95.807	539
95.831	502	95.857	541
95.882	502	95.908	542
95.933	502	95.958	544
95.984	503	96.009	546
96.034	502	96.060	548
96.085	502	96.111	548
96.135	502	96.161	549
96.187	503	96.212	550
96.237	503	96.262	550
96.288	502	96.314	548
96.338	502	96.364	547
96.389	502	96.415	546
96.440	503	96.465	545
96.491	502	96.516	543
96.541	501	96.567	542
96.592	502	96.618	540
96.642	502	96.668	538
96.693	502	96.719	536
96.744	502	96.769	535
96.795	501	96.820	534
96.845	502	96.871	534
96.896	502	96.922	534
96.946	502	96.972	534
96.998	502	97.023	534
97.048	502	97.073	535
97.099	502	97.125	537
97.149	502	97.175	538
97.200	502	97.226	539
97.251	502	97.276	541
97.302	502	97.327	543
97.352	502	97.378	544
97.403	502	97.429	545
97.453	502	97.479	547
97.505	503	97.530	548
97.555	502	97.580	548
97.606	503	97.631	548
97.656	503	97.682	548
97.707	502	97.733	547
97.757	502	97.783	547
97.809	502	97.834	546
97.859	502	97.884	544
97.910	502	97.936	543
97.960	502	97.986	541
98.011	502	98.037	540
98.062	502	98.087	538
98.113	502	98.138	537
98.163	502	98.189	536
98.214	501	98.240	535
98.264	502	98.290	534
98.316	502	98.341	535
98.366	502	98.391	535
98.417	502	98.442	535
98.467	502	98.493	536
98.518	503	98.544	538
98.568	502	98.594	539
98.620	503	98.645	540
98.670	503	98.695	541
98.721	502	98.747	543
98.771	503	98.797	544
98.822	503	98.848	545
98.873	502	98.898	546
98.924	502	98.949	547
98.974	502	99.000	547
99.025	502	99.051	547
99.075	502	99.101	547
99.127	501	99.152	546
99.177	502	99.202	545
99.228	502	99.253	545
99.278	502	99.304	543
99.329	502	99.355	542
99.379	502	99.405	540
99.431	502	99.456	539
99.481	502	99.506	538
99.532	501	99.558	537
99.582	501	99.608	536
99.633	502	99.659	536
99.684	502	99.709	535
99.735	502	99.760	536
99.785	502	99.811	536
99.836	503	99.862	537
99.886	502	99.912	538
99.938	502	99.963	539
99.988	502	100.013	539
100.039	502	100.065	541
100.089	502	100.115	542
100.140	503	100.166	543
100.190	502	100.216	544
100.242	502	100.267	545
100.292	502	100.317	546
100.343	502	100.369	546
100.393	502	100.419	546
100.444	502	100.470	546
100.495	502	100.520	546
100.546	502	100.571	546
100.596	502	100.622	545
100.647	502	100.673	543
100.697	502	100.723	542
100.749	502	100.774	542
100.799	502	100.824	541
100.850	502	100.876	539
100.900	502	100.926	537
100.951	502	100.977	537
101.001	502	101.027	537
101.053	502	101.078	536
101.103	502	101.128	536
101.154	502	101.180	537
101.204	502	101.230	537
101.255	502	101.281	537
101.306	503	101.331	539
101.357	502	101.382	539
101.407	502	101.433	541
101.458	502	101.484	541
101.508	503	101.534	543
101.560	503	101.585	544
101.610	502	101.635	544
101.661	502	101.687	546
101.711	502	101.737	545
101.762	502	101.788	545
101.812	502	101.838	545
101.864	502	101.889	545
101.914	502	101.939	545
101.965	502	101.991	544
102.015	502	102.041	543
102.066	502	102.092	543
102.118	502	102.142	542
102.168	502	102.193	540
102.219	501	102.244	540
102.269	502	102.295	539
102.320	502	102.345	538
102.371	502	102.396	538
102.422	502	102.446	538
102.472	502	102.498	537
102.523	502	102.548	537
102.573	502	102.599	538
102.625	502	102.649	538
102.675	502	102.700	539
102.726	502	102.750	539
102.776	502	102.802	541
102.827	502	102.852	541
102.877	502	102.903	542
102.929	502	102.953	543
102.979	502	103.004	544
103.030	502	103.055	544
103.080	502	103.106	544
103.131	502	103.156	545
103.182	502	103.207	545
103.233	502	103.257	545
103.283	502	103.309	544
103.334	502	103.359	543
103.384	502	103.410	543
103.436	502	103.460	543
103.486	502	103.511	542
103.537	502	103.561	541
103.587	502	103.613	541
103.638	502	103.663	540
103.688	502	103.714	539
103.740	503	103.764	539
103.790	502	103.815	538
103.841	502	103.866	538
103.891	502	103.917	538
103.942	502	103.967	539
103.993	502	104.018	539
104.044	502	104.068	539
104.094	503	104.120	540
104.145	502	104.170	540
104.195	502	104.221	542
104.247	502	104.271	542
104.297	502	104.322	542
104.348	502	104.372	543
104.398	501	104.424	543
104.449	502	104.474	544
104.499	502	104.525	544
104.551	502	104.575	544
104.601	502	104.626	544
104.652	502	104.677	543
104.702	502	104.728	543
104.753	502	104.778	543
104.804	502	104.829	542
104.855	502	104.879	542
104.905	502	104.931	541
104.956	502	104.981	541
105.006	503	105.032	541
105.058	502	105.082	540
105.108	502	105.133	540
105.159	502	105.183	540
105.209	502	105.235	539
105.260	502	105.286	539
105.310	503	105.336	539
105.362	502	105.387	540
105.412	502	105.437	540
105.463	502	105.489	541
105.513	502	105.539	541
105.564	502	105.590	541
105.615	502	105.640	542
105.666	502	105.691	542
105.716	502	105.742	543
105.767	502	105.793	543
105.817	502	105.843	543
105.869	502	105.894	544
105.919	502	105.944	543
105.970	502	105.996	542
106.020	502	106.046	544
106.071	502	106.097	543
106.121	502	106.147	542
106.173	502	106.198	542
106.223	502	106.248	542
106.274	502	106.300	541
106.324	502	106.350	541
106.375	502	106.401	540
106.426	503	106.451	540
106.477	502	106.502	540
106.527	502	106.553	540
106.578	502	106.604	540
106.628	503	106.654	540
106.680	502	106.705	539
106.730	503	106.755	540
106.781	502	106.807	541
106.831	502	106.857	541
106.882	502	106.908	542
106.932	502	106.958	542
106.984	502	107.009	542
107.034	502	107.059	542
107.085	502	107.111	543
107.135	502	107.161	543
107.186	502	107.212	542
107.237	502	107.262	543
107.288	502	107.313	543
107.338	502	107.364	543
107.389	502	107.415	542
107.439	502	107.465	542
107.491	502	107.516	541
107.541	502	107.566	542
107.592	502	107.618	541
107.642	502	107.668	540
107.693	502	107.719	541
107.743	502	107.769	541
107.795	502	107.820	540
107.845	502	107.870	541
107.896	502	107.922	541
107.946	502	107.972	540
107.997	502	108.023	540
108.048	502	108.073	541
108.099	502	108.124	541
108.149	502	108.175	541
108.200	502	108.226	541
108.250	502	108.276	541
108.302	502	108.327	542
108.352	501	108.377	542
108.403	502	108.429	542
108.453	502	108.479	542
108.504	502	108.530	542
108.554	502	108.580	543
108.606	502	108.631	542
108.656	502	108.681	542
108.707	503	108.733	542
108.757	502	108.783	542
108.808	502	108.834	542
108.859	502	108.884	541
108.910	502	108.935	541
108.961	502	108.986	541
109.011	502	109.037	541
109.062	503	109.087	541
109.113	502	109.138	540
109.164	503	109.188	541
109.214	502	109.240	541
109.265	502	109.290	541
109.315	502	109.341	541
109.367	502	109.391	541
109.417	502	109.442	541
109.468	503	109.492	541
109.518	502	109.544	542
109.569	502	109.594	542
109.619	503	109.645	542
109.671	503	109.695	542
109.721	502	109.746	542
109.772	502	109.797	542
109.822	503	109.848	542
109.873	502	109.898	542
109.924	502	109.949	542
109.975	503	109.999	542
110.025	502	110.051	542
110.076	502	110.101	541
110.126	503	110.152	541
110.178	503	110.202	541
110.228	502	110.253	541
110.279	502	110.303	541
110.329	502	110.355	541
110.380	502	110.405	541
110.430	503	110.456	541
110.482	503	110.506	541
110.532	503	110.557	541
110.583	502	110.608	542
110.633	502	110.659	541
110.684	502	110.709	541
110.735	501	110.760	541
110.786	503	110.810	541
110.836	503	110.862	542
110.887	502	110.912	542
110.937	501	110.963	542
110.989	502	111.013	542
111.039	502	111.064	542
111.090	502	111.114	541
111.140	502	111.166	542
111.191	503	111.216	542
111.241	502	111.267	541
111.293	502	111.317	541
111.343	502	111.368	541
111.394	502	111.419	541
111.444	503	111.470	540
111.495	503	111.520	541
111.546	503	111.571	541
111.597	502	111.621	541
111.647	502	111.673	541
111.698	502	111.723	541
111.748	502	111.774	541
111.800	502	111.824	541
111.850	502	111.875	541
111.901	502	111.925	541
111.951	502	111.977	541
112.002	501	112.028	541
112.052	502	112.078	542
112.104	502	112.129	542
112.154	502	112.179	542
112.205	502	112.231	541
112.255	502	112.281	542
112.306	502	112.332	542
112.357	502	112.382	542
112.408	503	112.433	541
112.458	502	112.484	542
112.509	502	112.535	541
112.559	503	112.585	541
112.611	502	112.636	542
112.661	503	112.686	541
112.712	502	112.738	541
112.762	503	112.788	541
112.813	503	112.839	541
112.863	502	112.889	541
112.915	502	112.940	541
112.965	502	112.990	541
113.016	503	113.042	542
113.066	502	113.092	541
113.117	503	113.143	542
113.168	503	113.193	542
113.219	503	113.244	542
113.269	502	113.295	542
113.320	502	113.346	542
113.370	503	113.396	542
113.422	502	113.447	541
113.472	502	113.497	542
113.523	502	113.549	542
113.573	502	113.599	542
113.624	502	113.650	542
113.674	502	113.700	541
113.726	502	113.751	541
113.776	502	113.801	542
113.827	502	113.853	541
113.877	502	113.903	541
113.928	503	113.954	541
113.979	503	114.004	542
114.030	503	114.055	541
114.080	502	114.106	541
114.131	502	114.157	541
114.181	503	114.207	541
114.233	503	114.258	542
114.283	503	114.308	542
114.334	502	114.360	541
114.384	502	114.410	542
114.435	502	114.461	542
114.485	502	114.511	542
114.537	502	114.562	541
114.587	502	114.612	542
114.638	502	114.664	542
114.688	502	114.714	543
114.739	502	114.765	542
114.790	502	114.815	542
114.841	502	114.866	541
114.891	502	114.917	542
114.942	502	114.968	541
114.992	502	115.018	542
115.044	502	115.069	542
115.094	502	115.119	541
115.145	503	115.171	541
115.195	503	115.221	542
115.246	502	115.272	541
115.297	502	115.322	542
115.348	503	115.373	541
115.398	503	115.423	542
115.449	502	115.475	542
115.499	503	115.525	542
115.550	503	115.576	542
115.601	503	115.626	541
115.652	502	115.677	541
115.702	502	115.728	542
115.753	502	115.779	542
115.803	503	115.829	542
115.855	502	115.880	542
115.905	502	115.930	542
115.956	502	115.982	542
116.006	502	116.032	542
116.057	502	116.083	542
116.108	501	116.133	542
116.159	502	116.184	541
116.209	502	116.234	541
116.260	502	116.286	541
116.310	502	116.336	542
116.361	502	116.387	541
116.412	502	116.437	542
116.463	502	116.488	541
116.514	503	116.539	542
116.564	503	116.590	541
116.615	502	116.640	542
116.666	502	116.691	542
116.717	503	116.741	542
116.767	502	116.793	541
116.818	502	116.843	542
116.868	502	116.894	541
116.920	502	116.944	542
116.970	502	116.995	542
117.021	502	117.045	542
117.071	502	117.097	542
117.122	503	117.147	542
117.172	502	117.198	542
117.224	502	117.248	542
117.274	503	117.299	542
117.325	502	117.350	541
117.375	502	117.401	542
117.426	502	117.451	541
117.477	502	117.502	542
117.528	502	117.552	542
117.578	502	117.604	542
117.629	502	117.654	542
117.679	502	117.705	542
117.731	502	117.755	542
117.781	502	117.806	542
117.832	502	117.857	542
