#Creator: pendulumviewEventBuffer
#Creation time: Thu Mar 24 12:07:43 2022
#Time A	Pos A	Time B	Pos B
#[s]	[au]	[s]	[au]
0.025	408	0.050	325
0.076	408	0.100	323
0.126	408	0.152	324
0.177	407	0.202	324
0.227	408	0.253	325
0.279	407	0.304	326
0.329	407	0.354	326
0.380	408	0.406	327
0.430	408	0.456	328
0.481	408	0.507	327
0.532	409	0.557	327
0.583	409	0.608	329
0.633	410	0.659	327
0.684	410	0.710	327
0.734	411	0.760	325
0.785	411	0.811	325
0.836	411	0.861	326
0.887	411	0.912	327
0.937	411	0.963	328
0.988	412	1.014	330
1.038	411	1.064	333
1.090	411	1.115	336
1.140	411	1.165	335
1.191	410	1.217	336
1.241	409	1.267	332
1.292	410	1.318	333
1.343	409	1.368	333
1.394	410	1.419	334
1.444	409	1.470	335
1.495	408	1.521	335
1.545	408	1.571	339
1.596	408	1.622	336
1.647	408	1.672	335
1.698	409	1.723	335
1.748	409	1.774	335
1.799	409	1.825	331
1.849	409	1.875	329
1.901	410	1.926	330
1.951	411	1.976	327
2.002	411	2.028	323
2.052	410	2.078	322
2.103	411	2.129	320
2.154	410	2.179	316
2.205	411	2.230	318
2.255	409	2.281	319
2.306	410	2.332	319
2.356	411	2.382	319
2.408	410	2.433	316
2.458	410	2.483	315
2.509	410	2.534	315
2.559	409	2.585	317
2.610	408	2.636	318
2.660	408	2.686	319
2.712	408	2.737	316
2.762	407	2.787	317
2.813	408	2.839	315
2.863	408	2.889	318
2.914	408	2.940	312
2.965	408	2.990	315
3.016	408	3.041	313
3.066	408	3.092	313
3.117	409	3.143	317
3.167	409	3.193	316
3.219	409	3.244	317
3.269	410	3.294	314
3.320	410	3.345	318
3.370	411	3.396	315
3.421	412	3.447	314
3.471	411	3.497	313
3.523	412	3.548	314
3.573	411	3.598	315
3.624	410	3.650	318
3.674	411	3.700	315
3.725	410	3.751	318
3.776	409	3.801	319
3.827	409	3.852	318
3.877	409	3.903	315
3.928	408	3.954	317
3.978	408	4.004	315
4.030	407	4.055	317
4.080	408	4.105	317
4.131	408	4.156	315
4.181	407	4.207	317
4.232	406	4.258	316
4.282	408	4.308	317
4.334	407	4.359	317
4.384	408	4.409	317
4.435	409	4.461	317
4.485	409	4.511	315
4.536	410	4.562	318
4.587	410	4.612	318
4.638	410	4.663	318
4.688	411	4.714	316
4.739	411	4.765	315
4.789	411	4.815	315
4.841	411	4.866	316
4.891	410	4.916	316
4.942	411	4.968	319
4.992	411	5.018	315
5.043	410	5.069	316
5.093	410	5.119	314
5.145	408	5.170	313
5.195	410	5.220	316
5.246	408	5.272	316
5.296	408	5.322	315
5.347	408	5.373	314
5.398	408	5.423	315
5.449	408	5.474	316
5.499	408	5.525	316
5.550	409	5.576	315
5.600	409	5.626	317
5.652	408	5.677	319
5.702	409	5.727	335
5.753	408	5.779	359
5.803	409	5.829	393
5.854	410	5.880	433
5.904	411	5.930	477
5.956	411	5.981	523
6.006	413	6.031	569
6.057	414	6.083	612
6.107	416	6.133	652
6.158	419	6.184	683
6.209	422	6.234	706
6.260	424	6.285	721
6.310	428	6.336	724
6.361	431	6.387	717
6.411	434	6.437	702
6.463	437	6.488	674
6.513	438	6.538	639
6.564	441	6.590	598
6.614	440	6.640	555
6.665	440	6.691	508
6.715	438	6.741	462
6.767	435	6.792	420
6.817	431	6.842	384
6.868	426	6.894	353
6.918	421	6.944	332
6.969	414	6.995	320
7.020	408	7.045	322
7.071	402	7.096	332
7.121	397	7.147	354
7.172	391	7.198	383
7.222	387	7.248	419
7.274	384	7.299	461
7.324	383	7.349	506
7.375	384	7.401	551
7.425	386	7.451	595
7.476	391	7.502	634
7.526	397	7.552	668
7.578	405	7.603	696
7.629	413	7.653	712
7.679	423	7.705	720
7.730	432	7.755	716
7.780	443	7.806	703
7.832	450	7.856	683
7.882	458	7.907	651
7.933	463	7.958	613
7.983	467	8.009	571
8.034	468	8.059	527
8.085	467	8.110	482
8.136	464	8.160	439
8.186	457	8.212	402
8.237	448	8.262	370
8.287	437	8.313	345
8.339	426	8.363	330
8.389	413	8.414	326
8.440	400	8.464	334
8.490	388	8.516	350
8.541	377	8.566	375
8.591	367	8.617	408
8.643	361	8.667	446
8.693	357	8.718	488
8.744	356	8.769	532
8.794	358	8.820	575
8.845	364	8.870	615
8.896	373	8.921	651
8.947	384	8.971	678
8.997	398	9.023	699
9.048	413	9.073	712
9.098	428	9.124	710
9.150	444	9.174	701
9.200	460	9.225	684
9.251	472	9.275	658
9.301	484	9.327	624
9.352	491	9.377	586
9.402	495	9.428	544
9.454	495	9.478	501
9.504	491	9.529	459
9.555	483	9.580	421
9.605	472	9.631	388
9.656	457	9.681	362
9.707	440	9.732	343
9.758	422	9.782	337
9.808	403	9.834	339
9.859	384	9.884	351
9.909	368	9.935	372
9.961	353	9.985	401
10.011	341	10.036	435
10.062	335	10.086	474
10.112	330	10.138	515
10.163	332	10.188	557
10.213	338	10.239	597
10.265	348	10.289	631
10.315	363	10.340	661
10.366	380	10.391	684
10.416	400	10.442	697
10.467	421	10.492	700
10.518	443	10.543	695
10.569	463	10.594	683
10.619	483	10.645	660
10.670	498	10.696	632
10.720	511	10.746	597
10.772	519	10.797	559
10.822	521	10.847	518
10.873	517	10.899	479
10.923	509	10.949	442
10.974	497	11.000	409
11.024	479	11.050	381
11.076	458	11.101	361
11.126	435	11.151	350
11.177	410	11.203	349
11.227	385	11.253	357
11.278	363	11.304	373
11.329	343	11.354	397
11.380	327	11.405	427
11.430	315	11.456	463
11.481	309	11.507	500
11.531	308	11.557	539
11.583	313	11.608	576
11.633	323	11.658	611
11.684	338	11.710	641
11.734	360	11.760	665
11.785	383	11.811	681
11.835	409	11.861	688
11.887	436	11.912	686
11.937	463	11.962	677
11.988	487	12.014	659
12.038	509	12.064	635
12.089	526	12.115	606
12.140	537	12.165	571
12.191	543	12.216	534
12.241	542	12.267	497
12.292	535	12.318	461
12.342	521	12.368	429
12.394	502	12.419	402
12.444	479	12.469	381
12.495	451	12.521	367
12.545	422	12.571	364
12.596	392	12.622	367
12.646	364	12.672	379
12.698	338	12.723	399
12.748	316	12.773	424
12.799	300	12.825	454
12.849	290	12.875	488
12.900	287	12.926	523
12.951	290	12.976	559
13.002	299	13.027	592
13.052	316	13.078	621
13.103	337	13.129	644
13.153	363	13.179	663
13.205	393	13.230	671
13.255	425	13.280	673
13.306	457	13.332	669
13.356	487	13.382	655
13.407	513	13.433	635
13.457	536	13.483	609
13.509	552	13.534	581
13.559	561	13.584	547
13.610	563	13.636	513
13.660	558	13.686	480
13.711	545	13.737	450
13.762	525	13.787	424
13.813	499	13.838	402
13.864	470	13.889	387
13.914	437	13.940	381
13.965	403	13.990	381
14.016	369	14.041	389
14.067	338	14.091	404
14.117	312	14.143	425
14.168	290	14.193	451
14.218	276	14.244	480
14.270	269	14.294	511
14.320	270	14.345	543
14.371	278	14.395	573
14.421	293	14.447	600
14.472	315	14.497	625
14.522	343	14.548	642
14.574	376	14.598	653
14.624	411	14.649	657
14.675	447	14.700	655
14.725	481	14.751	647
14.776	513	14.801	630
14.827	541	14.852	610
14.878	562	14.902	584
14.928	576	14.954	556
14.979	581	15.004	527
15.029	579	15.055	497
15.081	568	15.105	470
15.131	547	15.156	445
15.182	522	15.206	424
15.232	489	15.258	409
15.283	455	15.308	401
15.333	417	15.359	398
15.385	379	15.409	402
15.435	343	15.460	413
15.486	312	15.511	430
15.536	286	15.562	451
15.587	266	15.612	475
15.638	256	15.663	502
15.689	253	15.713	529
15.739	259	15.765	556
15.790	272	15.815	581
15.840	294	15.866	603
15.892	323	15.916	621
15.942	357	15.967	633
15.993	395	16.017	638
16.043	433	16.069	638
16.094	472	16.119	633
16.144	508	16.170	622
16.196	541	16.220	605
16.246	567	16.271	585
16.297	585	16.322	562
16.347	594	16.373	537
16.398	594	16.423	512
16.449	586	16.474	488
16.500	569	16.524	465
16.550	542	16.576	447
16.601	511	16.626	432
16.651	473	16.677	422
16.703	433	16.727	418
16.753	392	16.778	419
16.804	353	16.828	427
16.854	317	16.880	439
16.905	286	16.931	455
16.955	262	16.981	474
17.007	246	17.032	496
17.057	241	17.082	519
17.108	244	17.134	542
17.158	256	17.184	564
17.209	275	17.235	583
17.260	303	17.285	599
17.311	337	17.336	610
17.361	376	17.387	617
17.412	418	17.438	619
17.462	459	17.488	617
17.514	499	17.539	609
17.564	536	17.589	598
17.615	566	17.641	582
17.665	589	17.691	564
17.716	602	17.742	543
17.766	607	17.792	523
17.818	601	17.843	503
17.868	586	17.893	483
17.919	561	17.945	467
17.969	530	17.995	454
18.020	492	18.046	444
18.071	451	18.096	439
18.122	408	18.147	439
18.172	366	18.198	442
18.223	326	18.249	451
18.273	291	18.299	462
18.325	263	18.350	476
18.375	243	18.400	493
18.426	233	18.452	511
18.476	234	18.502	530
18.527	242	18.553	547
18.577	258	18.603	564
18.629	284	18.654	578
18.679	318	18.704	588
18.730	357	18.756	595
18.780	400	18.806	598
18.831	443	18.857	597
18.882	486	18.907	593
18.933	526	18.958	585
18.983	560	19.009	575
19.034	587	19.060	562
19.084	606	19.110	546
19.136	614	19.161	530
19.186	612	19.211	515
19.237	600	19.263	500
19.287	578	19.313	486
19.338	548	19.364	475
19.388	512	19.414	467
19.440	470	19.465	461
19.490	426	19.515	459
19.541	382	19.567	461
19.591	339	19.617	465
19.642	300	19.668	473
19.693	268	19.718	483
19.744	243	19.769	495
19.794	229	19.820	508
19.845	226	19.871	521
19.895	232	19.921	534
19.947	246	19.972	547
19.997	270	20.022	558
20.048	300	20.074	567
20.098	339	20.124	573
20.149	382	20.175	577
20.200	426	20.225	578
20.251	471	20.276	576
20.301	513	20.326	571
20.352	550	20.378	564
20.402	580	20.428	555
20.453	604	20.479	545
20.504	616	20.529	535
20.555	618	20.580	524
20.605	609	20.631	513
20.656	591	20.682	503
20.706	563	20.732	495
20.758	529	20.783	488
20.808	488	20.833	483
20.859	444	20.885	481
20.909	398	20.935	481
20.960	355	20.986	483
21.011	314	21.036	487
21.062	277	21.087	493
21.112	249	21.137	500
21.163	231	21.189	508
21.213	223	21.239	516
21.264	226	21.290	525
21.315	238	21.340	534
21.366	257	21.391	541
21.417	285	21.442	547
21.467	322	21.493	551
21.518	363	21.543	554
21.569	408	21.594	557
21.620	453	21.644	556
21.670	497	21.696	553
21.721	537	21.746	551
21.771	571	21.797	546
21.823	596	21.847	541
21.873	613	21.898	535
21.924	621	21.948	529
21.974	615	22.000	523
22.025	601	22.050	517
22.075	576	22.101	512
22.127	544	22.151	508
22.177	505	22.202	505
22.228	461	22.253	502
22.278	417	22.304	502
22.329	371	22.354	502
22.380	329	22.405	504
22.431	291	22.455	506
22.481	259	22.507	509
22.532	238	22.557	512
22.582	226	22.608	516
22.634	224	22.658	519
22.684	232	22.709	523
22.735	249	22.760	526
22.785	273	22.811	528
22.836	307	22.861	532
22.886	346	22.912	533
22.938	390	22.962	535
22.988	434	23.013	535
23.039	479	23.064	535
23.089	521	23.115	535
23.140	557	23.165	534
23.191	585	23.216	533
23.242	607	23.266	532
23.292	617	23.318	531
23.343	617	23.368	529
23.393	605	23.419	528
23.445	585	23.469	527
23.495	556	23.520	526
23.546	519	23.571	525
23.596	477	23.622	524
23.647	433	23.672	524
23.697	388	23.723	523
23.749	345	23.773	522
23.799	306	23.824	522
23.850	273	23.875	520
23.900	247	23.926	519
23.951	231	23.976	518
24.002	226	24.027	518
24.053	231	24.077	515
24.103	244	24.129	515
24.154	265	24.179	514
24.204	294	24.230	514
24.256	331	24.280	514
24.306	373	24.331	514
24.357	417	24.382	515
24.407	460	24.433	516
24.458	502	24.484	518
24.508	540	24.534	520
24.560	572	24.585	523
24.610	594	24.635	525
24.661	608	24.687	529
24.711	611	24.737	531
24.762	604	24.788	535
24.813	588	24.838	539
24.864	563	24.889	540
24.914	529	24.940	542
24.965	491	24.991	543
25.015	449	25.041	543
25.067	406	25.092	542
25.117	363	25.142	539
25.168	323	25.194	537
25.218	287	25.244	533
25.269	260	25.295	528
25.320	240	25.345	524
25.371	231	25.396	518
25.421	232	25.446	512
25.472	242	25.498	507
25.522	259	25.548	503
25.573	285	25.599	499
25.624	318	25.649	497
25.675	356	25.700	495
25.725	399	25.751	496
25.776	441	25.802	497
25.826	482	25.852	500
25.878	520	25.903	505
25.928	553	25.953	510
25.979	578	26.005	517
26.029	595	26.055	524
26.080	602	26.106	532
26.131	599	26.156	539
26.182	588	26.207	546
26.232	565	26.257	553
26.283	536	26.309	557
26.333	500	26.359	560
26.384	461	26.410	561
26.435	419	26.460	560
26.486	377	26.511	558
26.536	337	26.562	553
26.587	301	26.613	546
26.637	272	26.663	540
26.689	249	26.714	530
26.739	236	26.764	521
26.790	233	26.816	512
26.840	239	26.866	503
26.891	252	26.917	494
26.942	274	26.967	487
26.993	303	27.018	481
27.043	339	27.068	478
27.094	378	27.120	477
27.144	419	27.170	478
27.195	459	27.221	482
27.246	498	27.271	488
27.297	530	27.322	496
27.347	559	27.373	506
27.398	577	27.424	517
27.448	587	27.474	528
27.500	588	27.525	540
27.550	581	27.575	551
27.601	563	27.627	561
27.651	538	27.677	569
27.702	506	27.728	575
27.753	469	27.778	577
27.804	429	27.829	578
27.854	389	27.880	576
27.905	350	27.931	570
27.955	314	27.981	563
28.006	283	28.032	553
28.057	259	28.082	542
28.108	243	28.133	528
28.159	238	28.184	514
28.209	240	28.235	501
28.260	249	28.285	489
28.311	267	28.336	478
28.362	292	28.386	469
28.412	325	28.438	463
28.463	360	28.488	460
28.513	399	28.539	460
28.565	438	28.589	464
28.615	475	28.640	471
28.666	508	28.691	481
28.716	536	28.742	493
28.767	557	28.792	506
28.817	571	28.843	521
28.869	574	28.893	537
28.919	570	28.944	552
28.970	556	28.995	566
29.020	535	29.046	577
29.071	507	29.096	586
29.122	475	29.147	592
29.173	439	29.197	593
29.223	401	29.249	592
29.274	364	29.299	587
29.324	329	29.350	579
29.376	298	29.400	567
29.426	273	29.451	553
29.477	256	29.502	536
29.527	247	29.553	520
29.578	247	29.603	502
29.628	253	29.654	486
29.680	267	29.704	471
29.730	288	29.755	458
29.781	316	29.806	450
29.831	348	29.857	445
29.882	382	29.907	443
29.933	418	29.958	446
29.984	453	30.008	454
30.034	485	30.060	464
30.085	512	30.110	478
30.135	534	30.161	494
30.187	551	30.211	512
30.237	558	30.262	532
30.288	556	30.313	550
30.338	548	30.364	568
30.389	530	30.414	583
30.440	507	30.465	595
30.491	479	30.515	604
30.541	446	30.566	608
30.592	412	30.617	608
30.642	378	30.668	602
30.693	346	30.718	594
30.744	316	30.769	581
30.795	291	30.819	565
30.845	273	30.871	547
30.896	263	30.921	527
30.946	259	30.972	506
30.998	262	31.022	486
31.048	273	31.073	468
31.099	289	31.124	453
31.149	312	31.175	441
31.200	340	31.226	432
31.251	371	31.276	430
31.302	402	31.327	432
31.352	436	31.377	438
31.403	465	31.429	449
31.453	492	31.479	464
31.504	514	31.530	482
31.555	528	31.580	503
31.606	537	31.631	524
31.656	539	31.682	547
31.707	533	31.733	567
31.757	522	31.783	586
31.809	502	31.834	601
31.859	479	31.884	613
31.910	452	31.936	621
31.960	422	31.986	621
32.011	391	32.037	619
32.062	362	32.087	610
32.113	335	32.138	597
32.163	312	32.188	579
32.214	293	32.240	559
32.264	281	32.290	537
32.315	274	32.341	513
32.366	275	32.391	491
32.417	282	32.442	468
32.467	295	32.493	450
32.518	313	32.544	434
32.568	336	32.594	424
32.620	362	32.645	418
32.670	390	32.695	418
32.721	418	32.747	423
32.771	445	32.797	434
32.822	470	32.848	449
32.873	491	32.898	468
32.924	505	32.949	491
32.974	516	33.000	515
33.025	520	33.051	540
33.075	518	33.101	564
33.126	510	33.152	586
33.177	496	33.202	606
33.228	477	33.253	619
33.278	454	33.304	628
33.329	430	33.355	632
33.379	403	33.405	631
33.431	377	33.456	623
33.481	353	33.506	611
33.532	331	33.558	592
33.582	314	33.608	572
33.633	301	33.659	548
33.684	294	33.709	523
33.735	292	33.760	497
33.785	296	33.811	472
33.836	305	33.862	450
33.886	319	33.912	432
33.937	337	33.963	418
33.988	358	34.013	409
34.039	382	34.064	407
34.089	405	34.115	411
34.140	429	34.166	420
34.190	450	34.216	436
34.242	469	34.267	455
34.292	483	34.317	478
34.343	495	34.369	504
34.393	499	34.419	530
34.444	499	34.470	556
34.495	494	34.520	582
34.546	485	34.571	604
34.596	471	34.622	622
34.647	453	34.673	633
34.697	432	34.723	640
34.748	411	34.774	641
34.799	390	34.824	635
34.850	369	34.875	623
34.900	350	34.926	607
34.951	335	34.977	585
35.001	323	35.027	560
35.053	315	35.078	534
35.103	312	35.128	506
35.154	313	35.180	479
35.204	320	35.230	454
35.255	328	35.281	432
35.306	341	35.331	414
35.357	359	35.382	403
35.407	376	35.433	399
35.458	395	35.484	400
35.508	415	35.534	409
35.560	432	35.585	422
35.610	449	35.635	442
35.661	462	35.686	465
35.711	472	35.737	491
35.762	477	35.788	520
35.812	480	35.838	548
35.864	477	35.889	575
35.914	471	35.939	600
35.965	461	35.991	621
36.015	449	36.041	636
36.066	434	36.092	645
36.117	418	36.142	648
36.168	399	36.193	644
36.218	383	36.244	635
36.269	368	36.295	620
36.319	355	36.345	598
36.371	344	36.396	573
36.421	337	36.446	545
36.472	333	36.497	516
36.522	332	36.548	488
36.573	335	36.599	460
36.623	341	36.649	435
36.675	351	36.700	415
36.725	362	36.750	402
36.776	375	36.802	395
36.826	390	36.852	393
36.877	405	36.903	399
36.928	417	36.953	411
36.979	431	37.004	430
37.029	441	37.055	453
37.080	450	37.106	480
37.130	455	37.156	508
37.182	457	37.207	538
37.232	458	37.257	567
37.283	454	37.308	594
37.333	446	37.359	617
37.384	439	37.410	636
37.434	429	37.460	648
37.486	418	37.511	652
37.536	406	37.561	652
37.587	394	37.613	644
37.637	383	37.663	629
37.688	373	37.714	610
37.739	365	37.764	586
37.790	359	37.815	558
37.840	355	37.866	528
37.891	354	37.917	497
37.941	354	37.967	468
37.993	357	38.018	442
38.043	363	38.068	420
38.094	369	38.120	402
38.144	378	38.170	393
38.195	387	38.221	389
38.245	396	38.271	392
38.297	406	38.322	403
38.347	415	38.372	419
38.398	422	38.424	441
38.448	428	38.474	468
38.499	434	38.525	496
38.550	435	38.575	527
38.601	436	38.626	557
38.651	435	38.677	586
38.702	432	38.728	611
38.752	428	38.778	632
38.804	422	38.829	648
38.854	416	38.879	654
38.905	409	38.931	657
38.955	402	38.981	651
39.006	396	39.032	638
39.056	389	39.082	619
39.108	384	39.133	595
39.158	379	39.183	569
39.209	376	39.235	539
39.259	375	39.285	509
39.310	375	39.336	478
39.361	375	39.386	450
39.412	378	39.437	426
39.462	381	39.488	407
39.513	384	39.539	394
39.563	389	39.589	388
39.615	394	39.640	389
39.665	398	39.690	397
39.716	401	39.742	411
39.766	406	39.792	432
39.817	408	39.843	457
39.867	412	39.893	485
39.919	413	39.944	515
39.969	414	39.994	546
40.020	414	40.046	577
40.070	414	40.096	602
40.121	413	40.147	625
40.173	411	40.197	642
40.223	410	40.248	652
40.274	408	40.299	655
40.324	406	40.350	653
40.375	404	40.400	643
40.426	402	40.451	627
40.477	400	40.501	606
40.527	399	40.553	580
40.578	398	40.603	550
40.628	397	40.654	520
40.680	396	40.704	489
40.730	396	40.755	461
40.781	395	40.805	434
40.831	394	40.857	413
40.882	394	40.907	399
40.932	393	40.958	390
40.984	394	41.008	388
41.034	393	41.059	393
41.085	393	41.110	406
41.135	393	41.161	424
41.186	393	41.211	448
41.237	393	41.262	475
41.288	392	41.312	504
41.338	395	41.364	534
41.389	395	41.414	564
41.439	396	41.465	592
41.491	398	41.515	616
41.541	400	41.566	636
41.592	402	41.616	648
41.642	404	41.668	653
41.693	407	41.718	653
41.743	409	41.769	645
41.795	412	41.819	632
41.845	413	41.870	612
41.896	415	41.921	588
41.946	416	41.972	560
41.997	416	42.022	531
42.048	415	42.073	501
42.099	414	42.123	472
42.149	412	42.175	445
42.200	409	42.225	422
42.250	405	42.276	405
42.302	401	42.326	395
42.352	396	42.377	390
42.403	392	42.427	393
42.453	387	42.479	403
42.504	383	42.529	419
42.554	380	42.580	440
42.606	377	42.630	465
42.656	374	42.681	494
42.707	374	42.732	523
42.757	375	42.783	553
42.808	377	42.833	581
42.859	381	42.884	605
42.910	386	42.934	626
42.960	391	42.986	641
43.011	398	43.036	648
43.061	404	43.087	651
43.113	411	43.137	647
43.163	419	43.188	636
43.214	424	43.238	618
43.264	429	43.290	596
43.315	433	43.341	570
43.365	435	43.391	542
43.417	436	43.442	513
43.467	433	43.492	484
43.518	430	43.544	457
43.568	425	43.594	434
43.619	418	43.645	415
43.670	410	43.695	402
43.721	403	43.746	396
43.771	393	43.797	396
43.822	385	43.848	403
43.872	376	43.898	416
43.924	369	43.949	436
43.974	363	43.999	458
44.025	358	44.051	484
44.075	357	44.101	513
44.126	356	44.152	541
44.176	359	44.202	569
44.228	364	44.253	594
44.278	371	44.303	617
44.329	379	44.355	632
44.379	389	44.405	642
44.430	400	44.456	645
44.481	411	44.506	644
44.532	422	44.557	635
44.582	432	44.608	622
44.633	440	44.659	602
44.683	447	44.709	577
44.735	451	44.760	552
44.785	453	44.810	523
44.836	453	44.862	496
44.886	449	44.912	470
44.937	442	44.963	446
44.987	433	45.013	427
45.039	422	45.064	412
45.089	411	45.114	404
45.140	398	45.166	402
45.190	384	45.216	406
45.241	372	45.267	417
45.292	361	45.317	433
45.343	351	45.368	453
45.393	344	45.419	478
45.444	340	45.470	502
45.494	339	45.520	530
45.546	342	45.571	556
45.596	346	45.621	582
45.647	354	45.673	604
45.697	366	45.723	620
45.748	378	45.774	633
45.798	392	45.824	639
45.850	407	45.875	639
45.900	422	45.925	632
45.951	436	45.977	620
46.001	449	46.027	604
46.052	459	46.078	582
46.103	466	46.128	559
46.154	470	46.179	533
46.204	469	46.230	507
46.255	466	46.281	482
46.305	459	46.331	459
46.357	450	46.382	439
46.407	436	46.432	423
46.458	421	46.484	414
46.508	404	46.534	410
46.559	388	46.585	411
46.609	371	46.635	419
46.661	356	46.686	433
46.711	343	46.736	450
46.762	333	46.788	472
46.812	325	46.838	495
46.863	323	46.889	521
46.914	325	46.939	546
46.965	330	46.990	571
47.016	338	47.041	591
47.066	351	47.092	609
47.117	366	47.142	621
47.168	383	47.193	628
47.219	401	47.243	630
47.269	420	47.295	626
47.320	438	47.345	617
47.370	454	47.396	603
47.422	468	47.446	586
47.472	478	47.497	564
47.523	484	47.547	541
47.573	485	47.599	517
47.624	483	47.649	493
47.674	476	47.700	471
47.726	465	47.750	452
47.776	450	47.801	437
47.827	433	47.852	426
47.877	414	47.903	421
47.928	394	47.953	420
47.979	373	48.004	426
48.030	355	48.054	436
48.080	338	48.106	450
48.131	325	48.156	469
48.181	315	48.207	490
48.233	310	48.257	512
48.283	310	48.308	535
48.334	314	48.358	558
48.384	323	48.410	577
48.435	335	48.460	595
48.485	352	48.511	607
48.537	371	48.561	616
48.587	393	48.612	620
48.638	414	48.663	618
48.688	436	48.714	612
48.739	455	48.764	601
48.790	474	48.815	587
48.841	485	48.865	568
48.891	495	48.917	548
48.942	499	48.967	526
48.992	497	49.018	504
49.044	491	49.068	484
49.094	481	49.119	466
49.145	466	49.169	451
49.195	446	49.221	439
49.246	425	49.271	433
49.296	402	49.322	430
49.348	379	49.372	434
49.398	357	49.423	441
49.449	337	49.474	453
49.499	320	49.525	468
49.550	308	49.575	486
49.601	299	49.626	506
49.652	297	49.676	526
49.702	300	49.728	546
49.753	308	49.778	565
49.803	321	49.829	581
49.855	338	49.879	594
49.905	359	49.930	603
49.956	382	49.980	608
50.006	406	50.032	609
50.057	431	50.083	606
50.107	454	50.133	596
50.159	474	50.184	584
50.209	490	50.234	569
50.260	503	50.286	552
50.310	509	50.336	533
50.361	510	50.387	514
50.412	505	50.437	496
50.463	495	50.488	479
50.513	480	50.539	465
50.564	460	50.590	454
50.614	438	50.640	446
50.666	412	50.691	443
50.716	386	50.741	444
50.767	361	50.793	449
50.817	338	50.843	458
50.868	318	50.894	470
50.918	303	50.944	485
50.970	292	50.995	501
51.020	287	51.045	519
51.071	288	51.097	536
51.121	295	51.147	553
51.172	308	51.198	569
51.223	324	51.248	580
51.274	346	51.299	590
51.324	370	51.350	595
51.375	397	51.401	597
51.425	424	51.451	595
51.477	450	51.502	590
51.527	473	51.552	580
51.578	492	51.604	568
51.628	508	51.654	554
51.679	517	51.705	538
51.729	520	51.755	521
51.781	519	51.806	505
51.831	509	51.856	491
51.882	494	51.908	478
51.932	474	51.958	468
51.983	450	52.009	460
52.034	424	52.059	456
52.085	396	52.110	456
52.135	368	52.161	459
52.186	343	52.212	465
52.236	319	52.262	474
52.288	301	52.313	486
52.338	288	52.363	500
52.389	280	52.415	514
52.439	279	52.465	528
52.490	285	52.516	543
52.540	295	52.566	556
52.592	312	52.617	566
52.642	334	52.667	576
52.693	358	52.719	582
52.743	386	52.769	584
52.794	415	52.820	583
52.845	443	52.870	579
52.896	469	52.921	573
52.946	491	52.972	564
52.997	509	53.023	553
53.047	521	53.073	541
53.099	528	53.124	527
53.149	527	53.174	514
53.200	520	53.226	502
53.250	507	53.276	491
53.301	486	53.327	482
53.352	463	53.377	475
53.403	436	53.428	471
53.453	406	53.478	469
53.504	378	53.530	471
53.554	349	53.580	475
53.605	324	53.631	481
53.656	302	53.681	490
53.707	286	53.732	500
53.757	277	53.783	511
53.808	273	53.834	522
53.858	276	53.884	534
53.910	285	53.935	545
53.960	301	53.985	553
54.011	321	54.037	561
54.061	346	54.087	567
54.112	375	54.138	570
54.163	404	54.188	570
54.214	434	54.239	568
54.264	462	54.289	564
54.315	487	54.341	557
54.365	507	54.391	550
54.416	523	54.442	541
54.467	531	54.492	531
54.518	533	54.543	521
54.569	528	54.594	512
54.619	515	54.645	503
54.670	498	54.695	496
54.721	475	54.746	489
54.772	448	54.796	485
54.822	418	54.848	483
54.873	388	54.898	484
54.923	358	54.949	486
54.975	331	54.999	490
55.025	307	55.050	496
55.076	288	55.100	502
55.126	276	55.152	511
55.177	270	55.202	518
55.227	270	55.253	527
55.279	278	55.303	534
55.329	290	55.354	541
55.380	312	55.405	547
55.430	335	55.456	552
55.481	363	55.506	555
55.532	394	55.557	556
55.583	424	55.607	556
55.633	453	55.659	553
55.684	480	55.709	549
55.734	503	55.760	545
55.786	519	55.810	539
55.836	531	55.861	532
55.887	536	55.912	526
55.937	533	55.963	519
55.988	523	56.013	513
56.038	507	56.064	508
56.090	486	56.114	504
56.140	459	56.165	500
56.191	430	56.216	498
56.241	400	56.267	498
56.292	368	56.317	498
56.343	340	56.368	501
56.394	314	56.418	503
56.444	293	56.470	508
56.495	278	56.520	512
56.545	270	56.571	517
56.597	268	56.621	522
56.647	273	56.672	527
56.698	284	56.723	531
56.748	302	56.774	536
56.799	325	56.824	538
56.849	351	56.875	541
56.901	381	56.925	542
56.951	412	56.976	542
57.002	443	57.027	541
57.052	471	57.078	539
57.103	496	57.128	537
57.154	515	57.179	534
57.205	529	57.229	532
57.255	536	57.281	528
57.306	536	57.331	524
57.356	529	57.382	521
57.408	514	57.432	518
57.458	495	57.483	516
57.509	470	57.534	514
57.559	441	57.585	513
57.610	411	57.636	512
57.660	380	57.686	513
57.712	351	57.737	513
57.762	323	57.787	514
57.813	300	57.839	515
57.863	283	57.889	517
57.914	273	57.940	518
57.965	269	57.990	520
58.016	271	58.041	522
58.066	280	58.092	524
58.117	296	58.143	526
58.167	316	58.193	526
58.219	342	58.244	527
58.269	371	58.294	528
58.320	401	58.346	528
58.370	432	58.396	528
58.421	460	58.447	528
58.472	487	58.497	528
58.523	507	58.548	527
58.573	523	58.598	528
58.624	533	58.650	528
58.674	535	58.700	527
58.725	530	58.751	527
58.776	519	58.801	527
58.827	501	58.852	527
58.877	479	58.903	526
58.928	452	58.954	526
58.978	423	59.004	526
59.030	392	59.055	526
59.080	362	59.105	525
59.131	334	59.157	525
59.181	311	59.207	524
59.232	292	59.258	523
59.283	278	59.308	522
59.334	272	59.359	521
59.384	272	59.409	519
59.435	278	59.461	518
59.485	292	59.511	517
59.536	311	59.562	516
59.587	334	59.612	515
59.638	361	59.663	515
59.688	391	59.714	515
59.739	420	59.765	516
59.789	450	59.815	517
59.841	476	59.866	518
59.891	498	59.916	519
59.942	516	59.968	522
59.992	527	60.018	525
60.043	531	60.069	527
60.094	530	60.119	530
60.145	521	60.170	533
60.195	506	60.220	534
60.246	484	60.272	537
60.296	460	60.322	538
60.347	432	60.373	539
60.398	403	60.423	539
60.449	373	60.474	538
60.499	346	60.525	535
60.550	322	60.576	533
60.600	301	60.626	530
60.652	287	60.677	526
60.702	278	60.727	522
60.753	276	60.779	518
60.803	280	60.829	513
60.854	291	60.880	511
60.905	307	60.930	507
60.956	328	60.981	505
61.006	353	61.032	503
61.057	380	61.083	503
61.107	410	61.133	504
61.158	438	61.184	505
61.209	464	61.234	508
61.260	488	61.285	512
61.311	506	61.336	516
61.361	518	61.387	521
61.412	525	61.437	527
61.463	525	61.488	533
61.514	519	61.538	538
61.564	508	61.590	542
61.615	489	61.640	546
61.665	466	61.691	549
61.717	441	61.741	550
61.767	413	61.792	550
61.818	385	61.843	550
61.868	358	61.894	546
61.919	333	61.944	543
61.969	313	61.995	537
62.021	297	62.045	531
62.071	287	62.096	525
62.122	282	62.147	518
62.172	284	62.198	512
62.223	292	62.248	506
62.274	306	62.299	500
62.325	324	62.349	496
62.375	347	62.401	493
62.426	372	62.451	492
62.476	399	62.502	492
62.528	426	62.552	494
62.578	452	62.603	497
62.629	475	62.654	503
62.679	494	62.705	509
62.730	508	62.755	516
62.780	516	62.806	524
62.832	519	62.856	532
62.882	515	62.907	540
62.933	506	62.958	546
62.983	491	63.009	553
63.034	470	63.059	557
63.085	448	63.110	560
63.136	422	63.160	561
63.186	396	63.212	560
63.237	371	63.262	558
63.287	346	63.313	552
63.339	326	63.363	547
63.389	308	63.414	539
63.440	297	63.465	530
63.490	291	63.516	521
63.541	291	63.566	512
63.592	296	63.617	503
63.643	307	63.667	495
63.693	323	63.718	489
63.744	342	63.769	484
63.794	365	63.820	482
63.845	391	63.870	481
63.896	416	63.921	482
63.947	440	63.971	487
63.997	463	64.023	493
64.048	482	64.073	501
64.098	496	64.124	509
64.150	506	64.174	520
64.200	510	64.225	529
64.251	509	64.276	540
64.301	502	64.327	550
64.352	491	64.378	558
64.403	473	64.428	564
64.454	453	64.479	569
64.504	429	64.529	571
64.555	406	64.581	571
64.605	382	64.631	568
64.656	359	64.682	563
64.707	338	64.732	556
64.758	321	64.783	546
64.808	309	64.834	537
64.859	301	64.885	525
64.909	299	64.935	514
64.961	303	64.986	503
65.011	311	65.036	492
65.062	323	65.088	484
65.112	341	65.138	477
65.163	361	65.189	473
65.214	383	65.239	472
65.265	406	65.290	472
65.315	429	65.340	477
65.366	450	65.392	483
65.416	469	65.442	491
65.467	483	65.493	502
65.518	495	65.543	514
65.569	500	65.594	526
65.619	500	65.645	538
65.670	496	65.696	550
65.720	486	65.746	560
65.772	474	65.797	570
65.822	455	65.847	576
65.873	436	65.899	580
65.923	414	65.949	580
65.974	392	66.000	578
66.025	371	66.050	574
66.076	351	66.101	566
66.126	335	66.152	556
66.177	322	66.203	543
66.227	314	66.253	531
66.278	310	66.304	517
66.329	312	66.354	503
66.380	318	66.405	492
66.430	327	66.456	481
66.481	341	66.507	472
66.531	358	66.557	466
66.583	377	66.608	463
66.633	398	66.658	463
66.684	418	66.710	467
66.734	439	66.760	473
66.785	455	66.811	482
66.836	470	66.861	494
66.887	480	66.912	506
66.937	488	66.963	521
66.988	490	67.014	535
67.038	488	67.064	549
67.089	480	67.115	562
67.140	469	67.165	573
67.191	455	67.216	581
67.241	438	67.267	587
67.292	419	67.318	589
67.342	400	67.368	587
67.394	381	67.419	583
67.444	364	67.469	575
67.495	348	67.521	565
67.545	336	67.571	551
67.596	327	67.622	537
67.647	323	67.672	522
67.698	322	67.723	507
67.748	326	67.774	493
67.799	334	67.825	479
67.849	344	67.875	469
67.900	358	67.926	461
67.951	375	67.976	456
68.002	392	68.027	455
68.052	410	68.078	458
68.103	427	68.129	464
68.153	444	68.179	474
68.205	457	68.230	485
68.255	466	68.280	499
68.306	475	68.332	514
68.356	477	68.382	531
68.407	477	68.433	546
68.458	472	68.483	561
68.509	464	68.534	574
68.559	453	68.585	584
68.610	439	68.636	591
68.660	423	68.686	595
68.712	408	68.737	595
68.762	391	68.787	591
68.813	375	68.838	583
68.863	361	68.889	573
68.914	350	68.940	560
68.964	341	68.990	544
69.016	336	69.041	529
69.066	334	69.091	511
69.117	336	69.143	495
69.167	342	69.193	481
69.218	350	69.244	468
69.269	361	69.294	458
69.320	374	69.345	452
69.370	387	69.396	449
69.421	403	69.447	451
69.471	417	69.497	456
69.523	432	69.548	464
69.573	444	69.598	476
69.624	454	69.649	491
69.674	461	69.700	507
69.725	464	69.751	525
69.775	465	69.801	543
69.827	462	69.852	559
69.877	456	69.902	574
69.928	448	69.954	586
69.978	438	70.004	594
70.029	425	70.055	599
70.080	413	70.105	600
70.131	398	70.156	597
70.181	385	70.207	591
70.232	374	70.258	581
70.282	363	70.308	568
70.334	355	70.359	553
70.384	350	70.409	535
70.435	347	70.460	516
70.485	348	70.511	499
70.536	351	70.562	483
70.586	357	70.612	468
70.638	365	70.663	457
70.688	375	70.713	449
70.739	387	70.765	445
70.789	398	70.815	445
70.840	411	70.866	449
70.891	421	70.916	458
70.942	432	70.967	469
70.992	440	71.018	483
71.043	447	71.069	501
71.093	451	71.119	519
71.145	452	71.170	537
71.195	450	71.220	555
71.246	447	71.272	570
71.296	442	71.322	585
71.347	434	71.373	595
71.397	424	71.423	602
71.449	414	71.474	604
71.499	404	71.524	603
71.550	394	71.576	597
71.600	385	71.626	589
71.651	376	71.677	575
71.702	369	71.727	559
71.753	364	71.778	542
71.803	361	71.829	524
71.854	361	71.880	505
71.904	363	71.930	486
71.956	367	71.981	471
72.006	372	72.031	458
72.057	379	72.083	448
72.107	387	72.133	442
72.158	396	72.184	442
72.208	404	72.234	443
72.260	413	72.285	452
72.310	420	72.335	462
72.361	427	72.387	476
72.411	433	72.437	492
72.462	436	72.488	511
72.513	438	72.538	530
72.564	438	72.589	549
72.614	436	72.640	566
72.665	433	72.691	582
72.715	428	72.741	593
72.767	422	72.792	603
72.817	415	72.842	607
72.868	407	72.894	607
72.918	400	72.944	603
72.969	394	72.995	595
73.019	387	73.045	582
73.071	382	73.096	567
73.121	378	73.146	549
73.172	376	73.198	530
73.222	375	73.248	511
73.273	376	73.299	492
73.325	378	73.349	475
73.375	381	73.400	461
73.426	385	73.451	449
73.476	389	73.502	442
73.527	396	73.552	439
73.578	402	73.603	441
73.629	407	73.653	446
73.679	412	73.705	456
73.730	416	73.755	469
73.780	420	73.806	486
73.832	423	73.856	505
73.882	425	73.907	523
73.933	424	73.957	542
73.983	424	74.009	561
74.034	422	74.059	578
74.084	419	74.110	591
74.136	416	74.160	602
74.186	412	74.211	607
74.237	408	74.262	609
74.287	405	74.313	605
74.338	400	74.363	600
74.389	397	74.414	588
74.440	394	74.464	573
74.490	392	74.516	556
74.541	390	74.566	537
74.591	390	74.617	517
74.643	389	74.667	498
74.693	390	74.718	480
74.744	392	74.768	464
74.794	393	74.820	452
74.845	395	74.870	444
74.895	398	74.921	439
74.947	400	74.971	439
74.997	402	75.022	443
75.048	405	75.073	451
75.098	407	75.124	464
75.149	408	75.174	479
75.200	410	75.225	497
75.251	410	75.275	517
75.301	410	75.327	536
75.352	410	75.377	555
75.402	411	75.428	573
75.454	409	75.478	587
75.504	409	75.529	599
75.555	408	75.579	606
75.605	407	75.631	609
75.656	406	75.681	607
75.706	406	75.732	602
75.758	404	75.782	591
75.808	403	75.833	578
75.859	404	75.884	562
75.909	403	75.935	543
75.960	403	75.985	524
76.011	403	76.036	505
76.062	403	76.086	486
76.112	403	76.138	470
76.163	403	76.188	457
76.213	402	76.239	447
76.265	401	76.289	440
76.315	401	76.340	439
76.366	401	76.390	442
76.416	400	76.442	450
76.467	399	76.493	460
76.517	399	76.543	474
76.569	398	76.594	491
76.619	398	76.644	509
76.670	397	76.696	529
76.720	398	76.746	550
76.771	398	76.797	567
76.822	399	76.847	581
76.873	401	76.898	594
76.923	402	76.949	602
76.974	404	77.000	606
77.024	406	77.050	607
77.076	407	77.101	602
77.126	410	77.151	594
77.177	411	77.203	582
77.227	414	77.253	567
77.278	415	77.304	549
77.328	415	77.354	530
77.380	416	77.405	511
77.430	414	77.455	494
77.481	413	77.507	477
77.531	411	77.557	462
77.582	409	77.608	451
77.633	406	77.658	444
77.684	404	77.709	441
77.734	399	77.760	442
77.785	396	77.811	448
77.835	394	77.861	457
77.887	390	77.912	471
77.937	389	77.962	487
77.988	387	78.014	504
78.038	386	78.064	523
78.089	386	78.115	541
78.139	388	78.165	559
78.191	390	78.216	575
78.241	392	78.266	588
78.292	396	78.318	597
78.342	400	78.368	603
78.393	404	78.419	604
78.444	410	78.469	602
78.495	414	78.520	595
78.545	418	78.571	585
78.596	423	78.622	571
78.646	425	78.672	555
78.698	427	78.723	538
78.748	427	78.773	518
78.799	426	78.825	501
78.849	424	78.875	484
78.900	421	78.926	469
78.950	417	78.976	458
79.002	412	79.027	449
79.052	406	79.077	445
79.103	401	79.129	445
79.153	396	79.179	449
79.204	390	79.230	457
79.255	384	79.280	468
79.306	380	79.331	482
79.356	377	79.382	498
79.407	375	79.433	516
79.457	376	79.483	534
79.509	377	79.534	552
79.559	380	79.584	567
79.610	383	79.636	581
79.660	389	79.686	591
79.711	395	79.737	598
79.761	402	79.787	601
79.813	409	79.838	600
79.863	416	79.888	595
79.914	423	79.940	586
79.964	429	79.990	574
80.015	433	80.041	559
80.066	437	80.091	542
80.117	438	80.142	525
80.168	438	80.193	508
80.218	435	80.244	491
80.269	431	80.294	477
80.320	427	80.345	464
80.371	419	80.395	455
80.421	412	80.447	450
80.472	404	80.497	449
80.522	395	80.548	451
80.574	387	80.598	458
80.624	379	80.649	467
80.675	374	80.699	480
80.725	370	80.751	495
80.776	366	80.801	511
80.826	365	80.852	527
80.878	366	80.902	545
80.928	369	80.953	561
80.979	374	81.004	575
81.029	380	81.055	585
81.080	389	81.105	592
81.131	398	81.156	596
81.182	407	81.206	596
81.232	417	81.258	593
81.283	426	81.308	585
81.333	433	81.359	575
81.385	441	81.409	562
81.435	445	81.460	547
81.486	448	81.510	531
81.536	448	81.562	515
81.587	447	81.612	499
81.637	442	81.663	484
81.689	436	81.713	473
81.739	428	81.764	463
81.790	418	81.815	456
81.840	409	81.866	454
81.891	398	81.916	455
81.942	388	81.967	460
81.993	377	82.017	467
82.043	369	82.069	479
82.094	362	82.119	492
82.144	358	82.170	506
82.196	355	82.220	523
82.246	356	82.271	537
82.297	359	82.321	553
82.347	364	82.373	565
82.398	373	82.423	577
82.448	381	82.474	585
82.500	391	82.524	589
82.550	403	82.575	591
82.601	415	82.626	588
82.651	427	82.677	583
82.702	437	82.727	574
82.753	445	82.778	563
82.804	452	82.828	550
82.854	457	82.880	536
82.905	458	82.930	520
82.955	457	82.981	506
83.007	452	83.031	493
83.057	446	83.082	480
83.108	437	83.132	471
83.158	426	83.184	464
83.209	414	83.235	461
83.259	401	83.285	460
83.311	390	83.336	464
83.361	377	83.386	470
83.412	367	83.438	479
83.462	358	83.488	490
83.513	352	83.539	503
83.564	348	83.589	518
83.615	347	83.640	532
83.665	350	83.691	545
83.716	356	83.742	557
83.766	363	83.792	568
83.818	373	83.843	576
83.868	385	83.893	581
83.919	398	83.945	584
83.969	412	83.995	583
84.020	426	84.046	578
84.070	437	84.096	572
84.122	449	84.147	563
84.172	457	84.197	552
84.223	463	84.249	539
84.273	466	84.299	526
84.324	465	84.350	513
84.375	461	84.400	499
84.426	455	84.451	489
84.476	446	84.502	479
84.527	434	84.553	473
84.577	421	84.603	468
84.629	407	84.654	467
84.679	392	84.704	469
84.730	379	84.756	474
84.780	366	84.806	481
84.831	355	84.857	490
84.881	347	84.907	501
84.933	342	84.958	513
84.983	340	85.008	525
85.034	342	85.060	538
85.084	346	85.110	549
85.135	355	85.161	560
85.186	365	85.211	567
85.237	378	85.262	573
85.287	392	85.313	576
85.338	408	85.364	577
85.388	423	85.414	574
85.440	436	85.465	568
85.490	449	85.515	561
85.541	459	85.567	551
85.591	467	85.617	542
85.642	472	85.668	530
85.692	473	85.718	518
85.744	470	85.769	507
85.794	464	85.819	497
85.845	454	85.871	488
85.895	443	85.921	482
85.946	428	85.972	477
85.997	413	86.022	475
86.048	397	86.073	475
86.098	381	86.124	479
86.149	367	86.175	484
86.199	355	86.225	491
86.251	344	86.276	501
86.301	337	86.326	511
86.352	335	86.378	522
86.402	335	86.428	532
86.453	339	86.479	542
86.504	346	86.529	550
86.555	357	86.580	559
86.605	370	86.630	565
86.656	385	86.682	567
86.706	401	86.732	570
86.757	418	86.783	568
86.808	434	86.833	564
86.859	449	86.884	558
86.909	461	86.935	550
86.960	470	86.986	542
87.010	476	87.036	533
87.062	478	87.087	524
87.112	477	87.137	513
87.163	471	87.189	504
87.213	463	87.239	497
87.264	450	87.290	490
87.315	436	87.340	486
87.366	420	87.391	483
87.416	402	87.441	483
87.467	386	87.493	485
87.517	370	87.543	489
87.568	355	87.594	495
87.619	344	87.644	502
87.670	335	87.695	510
87.721	330	87.746	518
87.771	330	87.797	527
87.822	333	87.847	535
87.873	339	87.898	543
87.924	351	87.948	551
87.974	363	88.000	555
88.025	378	88.050	560
88.075	395	88.101	560
88.127	413	88.151	560
88.177	431	88.202	558
88.228	446	88.252	553
88.278	461	88.304	548
88.329	472	88.354	541
88.379	478	88.405	533
88.431	483	88.455	526
88.481	482	88.506	518
88.532	478	88.557	511
88.582	468	88.608	504
88.633	458	88.658	499
88.684	443	88.709	495
88.735	426	88.759	493
88.785	409	88.811	492
88.836	391	88.861	493
88.886	373	88.912	495
88.938	358	88.962	499
88.988	345	89.013	504
89.039	335	89.064	510
89.089	329	89.115	517
89.140	326	89.165	524
89.190	328	89.216	530
89.242	334	89.266	536
89.292	344	89.317	543
89.343	356	89.368	547
89.393	371	89.419	549
89.444	389	89.469	551
89.495	407	89.520	551
89.546	425	89.570	550
89.596	442	89.622	547
89.647	458	89.672	543
89.697	471	89.723	539
89.749	480	89.773	533
89.799	484	89.824	528
89.850	487	89.875	522
89.900	482	89.926	516
89.951	476	89.976	512
90.001	464	90.027	507
90.053	450	90.077	504
90.103	434	90.128	502
90.154	416	90.179	501
90.204	396	90.230	501
90.255	379	90.280	502
90.306	362	90.331	505
90.357	348	90.381	508
90.407	336	90.433	512
90.458	329	90.483	518
90.508	325	90.534	522
90.560	325	90.584	527
90.610	330	90.635	531
90.661	338	90.686	534
90.711	350	90.737	538
90.762	365	90.788	540
90.812	382	90.838	542
90.864	400	90.889	542
90.914	419	90.939	542
90.965	438	90.991	540
91.015	454	91.041	538
91.066	468	91.092	535
91.117	479	91.142	532
91.168	485	91.193	528
91.218	487	91.244	524
91.269	485	91.295	521
91.319	480	91.345	518
91.371	470	91.396	515
91.421	456	91.446	513
91.472	440	91.498	511
91.522	422	91.548	510
91.573	404	91.599	510
91.624	385	91.649	511
91.675	368	91.700	512
91.725	352	91.750	513
91.776	339	91.802	516
91.826	331	91.852	518
91.877	325	91.903	521
91.928	324	91.953	524
91.979	327	92.004	527
92.029	334	92.055	528
92.080	346	92.106	531
92.130	359	92.156	532
92.182	376	92.207	534
92.232	395	92.257	533
92.283	413	92.309	533
92.333	432	92.359	533
92.384	449	92.410	532
92.435	463	92.460	531
92.486	475	92.511	529
92.536	483	92.561	527
92.587	487	92.613	526
92.637	486	92.663	524
92.688	481	92.714	523
92.739	474	92.764	522
92.790	461	92.815	520
92.840	446	92.866	520
92.891	429	92.917	518
92.941	410	92.967	518
92.993	392	93.018	519
93.043	374	93.068	519
93.094	357	93.120	520
93.144	344	93.170	521
93.195	334	93.221	521
93.246	326	93.271	522
93.297	325	93.322	523
93.347	327	93.372	523
93.398	333	93.424	524
93.448	342	93.474	524
93.499	355	93.525	524
93.550	370	93.575	524
93.601	389	93.626	525
93.651	407	93.677	525
93.702	425	93.728	525
93.752	442	93.778	525
93.804	458	93.829	525
93.854	470	93.879	525
93.905	480	93.931	526
93.955	485	93.981	526
94.006	486	94.032	526
94.057	483	94.082	526
94.108	475	94.133	526
94.158	465	94.184	526
94.209	452	94.235	527
94.259	435	94.285	527
94.310	417	94.336	527
94.361	399	94.386	527
94.412	381	94.437	526
94.463	364	94.488	526
94.513	350	94.539	525
94.564	338	94.589	525
94.615	330	94.640	523
94.666	328	94.690	523
94.716	327	94.742	521
94.767	333	94.792	520
94.817	340	94.843	520
94.869	352	94.893	518
94.919	367	94.944	518
94.970	384	94.995	518
95.020	401	95.046	518
95.071	419	95.096	518
95.121	436	95.147	519
95.173	451	95.197	520
95.223	465	95.248	521
95.274	475	95.299	523
95.324	481	95.350	525
95.375	484	95.400	526
95.426	482	95.451	529
95.477	476	95.501	530
95.527	467	95.553	532
95.578	454	95.603	533
95.628	440	95.654	535
95.680	423	95.704	534
95.730	406	95.755	534
95.781	387	95.806	533
95.831	371	95.857	532
95.882	357	95.907	531
95.932	345	95.958	528
95.984	337	96.008	526
96.034	332	96.059	523
96.085	331	96.110	520
96.135	333	96.161	518
96.186	340	96.211	515
96.237	350	96.262	514
96.288	364	96.312	512
96.338	378	96.364	510
96.389	395	96.414	511
96.439	412	96.465	511
96.491	429	96.515	512
96.541	445	96.566	514
96.592	458	96.617	516
96.642	469	96.668	520
96.693	477	96.718	523
96.744	481	96.769	526
96.795	480	96.819	530
96.845	476	96.870	533
96.896	468	96.921	536
96.946	456	96.972	538
96.997	443	97.022	540
97.048	428	97.073	542
97.099	411	97.123	541
97.149	395	97.175	541
97.200	378	97.225	539
97.250	364	97.276	537
97.302	352	97.326	533
97.352	342	97.377	529
97.403	336	97.428	525
97.453	335	97.479	521
97.504	336	97.530	516
97.555	341	97.580	512
97.606	350	97.631	509
97.656	361	97.681	506
97.707	375	97.733	504
97.757	390	97.783	503
97.808	406	97.834	504
97.859	423	97.884	506
97.910	438	97.935	507
97.960	452	97.986	511
98.011	463	98.037	515
98.061	471	98.087	519
98.113	475	98.138	525
98.163	476	98.188	530
98.214	474	98.240	535
98.264	467	98.290	539
98.315	458	98.341	542
98.366	446	98.391	545
98.417	431	98.442	547
98.467	416	98.492	547
98.518	401	98.544	548
98.568	386	98.594	545
98.619	372	98.645	542
98.670	359	98.695	537
98.721	349	98.746	533
98.771	343	98.797	527
98.822	340	98.848	521
98.872	339	98.898	516
98.924	344	98.949	510
98.974	350	98.999	506
99.025	361	99.051	503
99.075	373	99.101	500
99.126	386	99.152	497
99.177	402	99.202	497
99.228	417	99.253	498
99.278	431	99.304	502
99.329	444	99.355	506
99.379	455	99.405	510
99.430	463	99.456	516
99.481	469	99.506	522
99.532	470	99.557	528
99.582	469	99.608	535
99.633	464	99.659	541
99.683	457	99.709	546
99.735	447	99.760	550
99.785	434	99.810	552
99.836	421	99.862	553
99.886	407	99.912	553
99.937	392	99.963	551
99.988	379	100.013	547
100.039	367	100.064	543
100.089	357	100.115	537
100.140	350	100.166	531
100.190	346	100.216	524
100.241	345	100.267	517
100.292	347	100.317	510
100.343	353	100.368	504
100.393	361	100.419	498
100.444	372	100.470	495
100.494	384	100.520	493
100.546	397	100.571	491
100.596	410	100.621	493
100.647	424	100.673	495
100.697	437	100.723	499
100.748	447	100.774	505
100.799	456	100.824	512
100.850	461	100.875	519
100.900	464	100.926	527
100.951	465	100.977	534
101.001	461	101.027	540
101.052	455	101.078	548
101.103	447	101.128	552
101.154	436	101.179	556
101.204	425	101.230	558
101.255	412	101.281	558
101.305	399	101.331	557
101.357	386	101.382	553
101.407	375	101.432	548
101.458	366	101.484	542
101.508	358	101.534	535
101.559	354	101.585	527
101.610	352	101.635	518
101.661	353	101.686	511
101.711	357	101.737	503
101.762	364	101.788	497
101.812	372	101.838	492
101.864	382	101.889	488
101.914	394	101.939	487
101.965	406	101.990	488
102.015	418	102.041	490
102.066	429	102.092	493
102.116	440	102.142	500
102.168	448	102.193	506
102.218	454	102.243	515
102.269	458	102.295	523
102.319	458	102.345	532
102.370	456	102.396	540
102.421	452	102.446	548
102.472	445	102.497	554
102.522	436	102.548	559
102.573	426	102.599	561
102.623	415	102.649	562
102.675	404	102.700	561
102.725	393	102.750	558
102.776	382	102.801	553
102.826	374	102.852	547
102.877	367	102.903	539
102.927	362	102.953	530
102.979	360	103.004	521
103.029	359	103.054	512
103.080	362	103.106	504
103.130	367	103.156	497
103.181	374	103.207	490
103.232	382	103.257	486
103.283	392	103.308	483
103.333	402	103.359	483
103.384	414	103.410	485
103.434	423	103.460	489
103.486	432	103.511	494
103.536	440	103.561	502
103.587	446	103.612	510
103.637	449	103.663	520
103.688	451	103.714	530
103.738	450	103.764	539
103.790	447	103.815	547
103.840	443	103.865	555
103.891	435	103.917	560
103.941	427	103.967	565
103.992	417	104.018	567
104.043	407	104.068	566
104.094	398	104.119	563
104.144	390	104.170	558
104.195	381	104.221	553
104.245	376	104.271	544
104.297	370	104.322	535
104.347	368	104.372	525
104.398	367	104.424	514
104.448	369	104.474	504
104.499	372	104.525	496
104.549	378	104.575	489
104.601	384	104.626	484
104.651	392	104.676	480
104.702	400	104.728	479
104.752	410	104.778	481
104.803	418	104.829	484
104.854	426	104.879	490
104.905	432	104.930	498
104.955	438	104.981	506
105.006	441	105.032	516
105.056	444	105.082	526
105.108	443	105.133	537
105.158	441	105.183	546
105.209	437	105.235	555
105.259	432	105.285	561
105.310	427	105.336	566
105.360	418	105.386	569
105.412	410	105.437	570
105.462	403	105.487	568
105.513	396	105.539	564
105.563	389	105.589	556
105.614	383	105.640	548
105.665	379	105.690	539
105.716	376	105.741	528
105.766	375	105.792	517
105.817	376	105.843	507
105.867	377	105.893	498
105.919	382	105.944	490
105.969	387	105.994	483
106.020	394	106.046	479
106.070	399	106.096	478
106.121	406	106.147	478
106.171	413	106.197	481
106.223	419	106.248	485
106.273	425	106.298	494
106.324	429	106.350	501
106.374	433	106.400	512
106.425	435	106.451	524
106.476	435	106.501	534
106.527	434	106.552	544
106.577	432	106.603	553
106.628	428	106.654	561
106.678	423	106.704	567
106.730	419	106.755	570
106.780	412	106.805	572
106.831	407	106.857	570
106.881	401	106.907	566
106.932	396	106.958	560
106.982	391	107.008	552
107.034	388	107.059	543
107.085	385	107.109	532
107.135	385	107.161	522
107.186	384	107.211	510
107.236	385	107.262	501
107.288	388	107.312	491
107.338	391	107.363	484
107.389	395	107.414	479
107.439	400	107.465	476
107.490	404	107.515	476
107.541	409	107.566	478
107.592	415	107.616	482
107.642	418	107.668	489
107.693	422	107.718	498
107.743	424	107.769	508
107.795	426	107.819	519
107.845	427	107.870	530
107.896	427	107.920	541
107.946	426	107.972	551
107.997	423	108.022	559
108.047	420	108.073	566
108.099	416	108.123	570
108.149	413	108.174	572
108.200	409	108.225	573
108.250	405	108.276	570
108.301	401	108.326	563
108.352	398	108.377	556
108.403	397	108.427	547
108.453	393	108.479	536
108.504	393	108.529	526
108.554	392	108.580	514
108.606	393	108.630	504
108.656	395	108.681	494
108.707	396	108.731	486
108.757	398	108.783	480
108.808	402	108.833	476
108.858	404	108.884	474
108.910	408	108.934	477
108.960	411	108.985	480
109.011	413	109.036	486
109.061	415	109.087	494
109.112	417	109.137	504
109.163	418	109.188	515
109.214	419	109.238	526
109.264	419	109.290	538
109.315	418	109.340	548
109.365	417	109.391	558
109.417	416	109.441	564
109.467	413	109.492	570
109.518	412	109.542	572
109.568	410	109.594	573
109.619	408	109.644	570
109.669	406	109.695	566
109.721	404	109.745	559
109.771	402	109.796	550
109.822	402	109.847	540
109.872	401	109.898	529
109.923	401	109.948	518
109.974	402	109.999	507
110.025	401	110.050	497
110.075	402	110.101	488
110.126	404	110.152	481
110.176	404	110.202	477
110.228	406	110.253	475
110.278	407	110.303	476
110.329	408	110.355	478
110.379	409	110.405	484
110.430	410	110.456	491
110.480	410	110.506	501
110.532	411	110.557	511
110.582	411	110.607	523
110.633	411	110.659	534
110.683	410	110.709	544
110.734	410	110.760	554
110.785	410	110.810	562
110.836	410	110.861	568
110.886	409	110.912	572
110.937	408	110.963	572
110.987	409	111.013	571
111.039	409	111.064	567
111.089	408	111.114	561
111.140	408	111.166	553
111.190	409	111.216	544
111.241	409	111.267	532
111.291	409	111.317	521
111.343	409	111.368	510
111.393	409	111.418	500
111.444	410	111.470	491
111.494	409	111.520	484
111.545	408	111.571	479
111.596	408	111.621	476
111.647	408	111.672	476
111.697	407	111.723	478
111.748	406	111.774	482
111.798	406	111.824	490
111.850	405	111.875	498
111.900	405	111.925	508
111.951	406	111.977	519
112.001	404	112.027	530
112.052	404	112.078	541
112.102	404	112.128	550
112.154	405	112.179	559
112.204	405	112.229	565
112.255	407	112.281	570
112.305	408	112.331	572
112.356	409	112.382	572
112.407	411	112.432	568
112.458	412	112.483	562
112.508	414	112.534	555
112.559	415	112.585	545
112.609	415	112.635	536
112.661	415	112.686	525
112.711	416	112.736	515
112.762	415	112.788	504
112.812	415	112.838	495
112.863	414	112.889	488
112.913	412	112.939	482
112.965	410	112.990	479
113.015	408	113.040	477
113.066	406	113.092	479
113.116	404	113.142	483
113.167	402	113.193	489
113.218	400	113.243	496
113.269	399	113.294	505
113.320	399	113.345	516
113.370	398	113.396	526
113.421	397	113.446	537
113.472	399	113.497	547
113.523	399	113.547	555
113.573	402	113.599	562
113.624	404	113.649	566
113.674	407	113.700	569
113.726	410	113.750	569
113.776	413	113.801	567
113.827	416	113.851	562
113.877	418	113.903	556
113.928	420	113.953	548
113.978	421	114.004	538
114.030	422	114.054	528
114.080	423	114.105	518
114.131	422	114.156	508
114.181	420	114.207	499
114.232	419	114.257	492
114.283	416	114.308	486
114.334	414	114.358	481
114.384	410	114.410	480
114.435	406	114.460	480
114.485	403	114.511	483
114.537	400	114.561	488
114.587	397	114.612	495
114.638	394	114.662	504
114.688	393	114.714	513
114.739	392	114.764	523
114.789	392	114.815	533
114.841	393	114.865	542
114.891	394	114.916	550
114.942	398	114.967	558
114.992	401	115.018	563
115.043	405	115.068	566
115.094	409	115.119	566
115.145	413	115.169	566
115.195	417	115.221	561
115.246	420	115.271	556
115.296	423	115.322	549
115.348	426	115.372	540
115.398	427	115.423	532
115.449	428	115.473	522
115.499	428	115.525	512
115.550	426	115.575	503
115.600	424	115.626	496
115.652	421	115.676	490
115.702	417	115.727	485
115.753	412	115.778	483
115.803	408	115.829	482
115.854	402	115.879	485
115.905	399	115.930	489
115.956	395	115.980	496
116.006	391	116.032	501
116.057	388	116.082	511
116.107	387	116.133	520
116.159	386	116.183	529
116.209	388	116.234	538
116.260	389	116.284	546
116.310	393	116.336	553
116.361	396	116.387	559
116.411	402	116.437	562
116.463	407	116.488	564
116.513	412	116.538	563
116.564	418	116.590	561
116.614	422	116.640	556
116.665	426	116.691	549
116.716	430	116.741	542
116.767	432	116.792	534
116.817	433	116.843	525
116.868	434	116.894	516
116.918	432	116.944	508
116.970	429	116.995	500
117.020	425	117.045	493
117.071	421	117.097	489
117.121	415	117.147	486
117.172	409	117.198	486
117.222	404	117.248	487
117.274	398	117.299	490
117.324	393	117.349	496
117.375	388	117.401	501
117.425	385	117.451	509
117.476	383	117.502	517
117.527	383	117.552	526
117.578	384	117.603	534
117.628	385	117.654	541
117.679	388	117.705	549
117.729	393	117.755	555
117.781	398	117.806	558
117.831	404	117.856	560
117.882	411	117.908	560
117.932	417	117.958	558
117.983	424	118.009	555
118.033	428	118.059	549
118.085	433	118.110	543
118.135	436	118.160	536
118.186	437	118.212	528
118.236	438	118.262	520
118.287	438	118.313	512
118.338	435	118.363	505
118.389	430	118.414	499
118.439	425	118.465	494
118.490	419	118.516	491
118.540	413	118.566	490
118.592	405	118.617	490
118.642	398	118.667	492
118.693	392	118.719	496
118.743	387	118.769	501
118.794	382	118.820	508
118.844	379	118.870	515
118.896	378	118.921	523
118.946	378	118.971	530
118.997	380	119.023	538
119.047	384	119.073	544
119.098	388	119.124	549
119.149	393	119.174	554
119.200	401	119.225	556
119.250	408	119.276	556
119.301	416	119.327	555
119.351	423	119.377	552
119.403	430	119.428	548
119.453	435	119.478	543
119.504	439	119.530	536
119.554	442	119.580	530
119.605	443	119.631	523
119.656	442	119.681	516
119.707	440	119.732	509
119.757	435	119.782	503
119.808	429	119.834	499
119.858	423	119.884	495
119.909	415	119.935	494
119.960	408	119.985	494
120.011	400	120.036	496
120.061	393	120.087	499
120.112	386	120.138	503
120.162	382	120.188	508
120.214	377	120.239	514
120.264	375	120.289	520
120.315	374	120.341	528
120.365	376	120.391	534
120.416	379	120.442	540
120.467	385	120.492	544
120.518	390	120.543	548
120.568	398	120.593	551
120.619	406	120.645	551
120.669	414	120.695	551
120.720	422	120.746	549
120.771	430	120.796	546
120.822	436	120.847	542
120.873	441	120.898	537
120.923	445	120.949	531
120.974	446	120.999	524
121.025	445	121.050	519
121.076	443	121.100	513
121.126	439	121.152	508
121.177	434	121.202	504
121.227	427	121.253	501
121.279	419	121.303	499
121.329	411	121.354	498
121.380	402	121.404	499
121.430	394	121.456	501
121.481	386	121.506	505
121.531	380	121.557	509
121.583	376	121.607	514
121.633	373	121.658	519
121.684	372	121.709	525
121.734	372	121.760	531
121.785	376	121.810	535
121.836	381	121.861	539
121.887	387	121.911	543
121.937	395	121.963	546
121.988	403	122.013	547
122.038	412	122.064	548
122.090	421	122.114	546
122.140	429	122.165	543
122.191	436	122.216	540
122.241	442	122.267	536
122.292	446	122.317	532
122.342	448	122.368	527
122.394	449	122.418	521
122.444	447	122.469	516
122.495	442	122.520	512
122.545	438	122.571	508
122.596	430	122.621	505
122.647	423	122.672	504
122.698	414	122.722	503
122.748	405	122.774	503
122.799	396	122.824	505
122.849	388	122.875	507
122.901	382	122.925	511
122.951	375	122.976	514
123.002	371	123.027	519
123.052	370	123.078	523
123.103	370	123.128	528
123.153	374	123.179	532
123.205	378	123.229	536
123.255	384	123.280	539
123.306	392	123.331	541
123.356	400	123.382	542
123.407	409	123.432	542
123.458	418	123.483	542
123.509	426	123.533	540
123.559	434	123.585	538
123.610	441	123.635	535
123.660	447	123.686	531
123.712	449	123.736	528
123.762	451	123.787	524
123.813	450	123.838	519
123.863	446	123.889	516
123.914	441	123.940	513
123.964	434	123.990	510
124.016	427	124.041	509
124.066	417	124.091	508
124.117	408	124.143	508
124.167	399	124.193	509
124.218	390	124.244	511
124.269	382	124.294	513
124.320	376	124.345	516
124.370	372	124.396	519
124.421	370	124.447	522
124.471	368	124.497	526
124.523	371	124.548	528
124.573	374	124.598	532
124.624	381	124.650	534
124.674	388	124.700	536
124.725	396	124.751	537
124.776	405	124.801	538
124.827	415	124.852	538
124.877	425	124.902	536
124.928	433	124.954	534
124.978	440	125.004	533
125.029	446	125.055	530
125.080	450	125.105	527
125.131	452	125.156	525
125.181	452	125.207	522
125.232	448	125.258	519
125.282	444	125.308	517
125.334	438	125.359	515
125.384	429	125.409	514
125.435	421	125.461	513
125.485	411	125.511	512
125.536	402	125.562	513
125.587	392	125.612	514
125.638	385	125.663	516
125.688	378	125.713	518
125.739	373	125.765	520
125.789	370	125.815	522
125.840	369	125.866	524
125.891	369	125.916	526
125.942	373	125.967	528
125.992	378	126.018	530
126.043	386	126.069	531
126.093	394	126.119	533
126.145	403	126.170	532
126.195	412	126.220	532
126.246	421	126.272	531
126.296	431	126.322	531
126.347	439	126.373	530
126.398	447	126.423	528
126.449	449	126.474	527
126.499	452	126.524	525
126.550	453	126.576	523
126.600	450	126.626	522
126.651	446	126.677	520
126.702	441	126.727	520
126.753	433	126.778	519
126.803	425	126.829	518
126.854	414	126.880	518
126.904	405	126.930	518
126.956	396	126.981	519
127.006	387	127.031	519
127.057	380	127.083	520
127.107	374	127.133	521
127.158	370	127.184	522
127.209	369	127.234	524
127.260	370	127.285	524
127.310	372	127.336	525
127.361	377	127.387	526
127.411	384	127.437	526
127.462	391	127.488	527
127.513	400	127.538	527
127.564	410	127.589	527
127.615	419	127.640	527
127.665	428	127.691	527
127.716	436	127.741	526
127.767	443	127.792	526
127.818	448	127.842	525
127.868	452	127.894	524
127.919	452	127.944	524
127.969	451	127.995	524
128.021	448	128.045	524
128.071	442	128.096	523
128.122	435	128.147	523
128.172	427	128.198	523
128.223	417	128.248	523
128.273	408	128.299	523
128.325	399	128.349	523
128.375	391	128.400	524
128.426	383	128.451	524
128.476	377	128.502	524
128.527	373	128.552	524
128.578	370	128.603	523
128.629	371	128.653	523
128.679	373	128.705	523
128.730	376	128.755	523
128.780	383	128.806	523
128.832	390	128.856	523
128.882	398	128.907	523
128.933	407	128.958	523
128.983	416	129.009	522
129.034	425	129.059	523
129.084	433	129.110	523
129.136	440	129.160	523
129.186	446	129.211	524
129.237	449	129.262	524
129.287	451	129.313	525
129.338	450	129.363	525
129.389	447	129.414	525
129.440	443	129.464	526
129.490	437	129.516	527
129.541	429	129.566	527
129.591	421	129.617	527
129.643	412	129.667	527
129.693	402	129.718	526
129.744	395	129.769	526
129.794	387	129.820	526
129.845	380	129.870	525
129.896	375	129.921	524
129.947	373	129.971	523
129.997	372	130.022	523
130.048	373	130.073	521
130.098	377	130.124	521
130.149	381	130.174	519
130.200	388	130.225	520
130.251	396	130.275	520
130.301	404	130.327	519
130.352	413	130.377	519
130.402	423	130.428	520
130.454	429	130.478	520
130.504	436	130.529	521
130.555	444	130.580	522
130.605	447	130.631	524
130.656	449	130.682	525
130.707	449	130.732	526
130.758	447	130.783	527
130.808	443	130.833	528
130.859	438	130.885	529
130.909	431	130.935	529
130.960	423	130.986	530
131.011	414	131.036	529
131.062	406	131.087	529
131.112	397	131.138	529
131.163	390	131.189	528
131.213	384	131.239	527
131.265	379	131.290	525
131.315	376	131.340	524
131.366	375	131.392	522
131.416	376	131.442	521
131.467	378	131.493	520
131.518	382	131.543	518
131.569	387	131.594	517
131.619	395	131.644	516
131.670	402	131.696	516
131.720	411	131.746	516
131.771	420	131.797	517
131.822	427	131.847	517
131.873	434	131.898	519
131.923	440	131.949	520
131.974	444	132.000	523
132.024	447	132.050	524
132.076	448	132.101	526
132.126	447	132.151	528
132.177	443	132.203	530
132.227	439	132.253	531
132.278	432	132.304	532
132.329	425	132.354	533
132.380	417	132.405	533
132.430	409	132.456	532
132.481	401	132.507	532
132.531	394	132.557	530
132.582	387	132.608	529
132.633	382	132.658	527
132.684	379	132.709	525
132.734	377	132.760	523
132.785	377	132.811	520
132.835	379	132.861	518
132.887	382	132.912	517
132.937	387	132.962	515
132.988	393	133.014	514
133.038	401	133.064	513
133.089	409	133.115	513
133.140	417	133.165	514
133.191	424	133.216	515
133.241	431	133.267	517
133.292	437	133.318	519
133.342	441	133.368	521
133.393	444	133.419	523
133.444	445	133.469	526
133.495	444	133.520	528
133.545	442	133.571	531
133.596	438	133.622	533
133.646	432	133.672	534
133.698	426	133.723	536
133.748	419	133.773	536
133.799	412	133.825	535
133.849	404	133.875	535
133.900	397	133.926	533
133.951	391	133.976	531
134.002	386	134.027	529
134.052	383	134.078	526
134.103	380	134.129	524
134.153	380	134.179	520
134.204	381	134.230	518
134.255	384	134.280	515
134.306	388	134.331	513
134.356	393	134.382	511
134.407	401	134.433	512
134.457	407	134.483	511
134.509	414	134.534	511
134.559	421	134.584	512
134.610	427	134.636	514
134.660	433	134.686	516
134.711	437	134.737	519
134.762	441	134.787	522
134.813	442	134.838	525
134.863	442	134.889	528
134.914	440	134.940	532
134.964	438	134.990	534
135.016	433	135.041	536
135.066	427	135.091	537
135.117	421	135.142	538
135.167	415	135.193	539
135.218	408	135.244	537
135.268	401	135.294	537
135.320	395	135.345	534
135.370	390	135.395	531
135.421	386	135.447	528
135.471	384	135.497	525
135.522	384	135.548	521
135.573	384	135.598	518
135.624	386	135.649	514
135.674	389	135.700	512
135.725	393	135.751	510
135.775	399	135.801	508
135.827	406	135.852	508
135.877	412	135.902	510
135.928	418	135.953	510
135.978	425	136.004	511
136.029	430	136.055	514
136.079	435	136.105	517
136.131	437	136.156	521
136.181	438	136.206	525
136.232	439	136.258	528
136.282	438	136.308	531
136.333	435	136.359	535
136.384	432	136.409	536
136.435	428	136.460	538
136.485	422	136.511	540
136.536	416	136.562	540
136.586	410	136.612	540
136.638	404	136.663	538
136.688	399	136.713	536
136.739	394	136.764	533
136.789	391	136.815	530
136.840	388	136.866	526
136.890	387	136.916	522
136.942	387	136.967	518
136.992	389	137.017	514
137.043	392	137.069	512
137.093	395	137.119	509
137.144	399	137.170	507
137.195	405	137.220	507
137.246	410	137.271	507
137.296	416	137.322	508
137.347	420	137.373	509
137.397	426	137.423	512
137.449	430	137.474	516
137.499	433	137.524	519
137.550	435	137.576	524
137.600	436	137.626	527
137.651	435	137.677	530
137.701	433	137.727	535
137.753	430	137.778	537
137.803	427	137.828	540
137.854	423	137.880	541
137.904	417	137.930	542
137.955	412	137.981	541
138.006	407	138.031	540
138.057	402	138.082	538
138.107	398	138.133	536
138.158	395	138.184	531
138.208	391	138.234	527
138.260	391	138.285	523
138.310	391	138.335	519
138.361	391	138.387	515
138.411	394	138.437	512
138.462	396	138.488	509
138.512	400	138.538	507
138.564	405	138.589	505
138.614	409	138.639	505
138.665	414	138.691	505
138.715	419	138.741	508
138.766	423	138.792	510
138.817	426	138.842	513
138.868	430	138.893	517
138.918	431	138.944	521
138.969	432	138.995	525
139.019	432	139.045	529
139.071	431	139.096	534
139.121	429	139.146	537
139.172	425	139.198	540
139.222	422	139.248	543
139.273	418	139.299	543
139.323	414	139.349	543
139.375	409	139.400	542
139.425	406	139.450	539
139.476	401	139.502	537
139.526	399	139.552	534
139.577	397	139.603	529
139.629	395	139.653	525
139.679	394	139.704	520
139.730	395	139.755	516
139.780	397	139.806	512
139.831	399	139.856	509
139.882	401	139.907	507
139.933	405	139.957	504
139.983	408	140.009	504
140.034	412	140.059	505
140.084	417	140.110	506
140.136	420	140.160	508
140.186	423	140.211	511
140.237	426	140.261	515
140.287	427	140.313	520
140.338	429	140.363	524
140.388	429	140.414	529
140.440	428	140.464	533
140.490	426	140.515	537
140.541	424	140.566	540
140.591	421	140.617	542
140.642	418	140.667	544
140.693	415	140.718	544
140.744	411	140.768	544
140.794	408	140.820	542
140.845	405	140.870	538
140.895	403	140.921	535
140.947	401	140.971	531
140.997	399	141.022	526
141.048	399	141.072	522
141.098	399	141.124	517
141.149	400	141.174	512
141.199	401	141.225	509
141.251	403	141.275	506
141.301	406	141.326	504
141.352	409	141.377	503
141.402	413	141.428	503
141.453	415	141.478	504
141.504	418	141.529	507
141.555	420	141.579	510
141.605	422	141.631	514
141.656	424	141.681	518
141.706	424	141.732	523
141.758	425	141.782	527
141.808	424	141.833	532
141.859	423	141.883	536
141.909	421	141.935	540
141.960	419	141.985	542
142.010	417	142.036	544
142.062	415	142.086	544
142.112	413	142.137	544
142.163	411	142.188	543
142.213	408	142.239	540
142.264	406	142.289	536
142.315	404	142.340	532
142.366	403	142.390	528
142.416	403	142.442	523
142.467	403	142.492	518
142.517	404	142.543	514
142.569	404	142.593	510
142.619	406	142.644	507
142.670	407	142.694	504
142.720	410	142.746	503
142.771	412	142.797	503
142.821	414	142.847	504
142.873	416	142.898	506
142.923	418	142.948	508
142.974	419	143.000	512
143.024	420	143.050	517
143.075	420	143.101	521
143.126	421	143.151	526
143.177	421	143.202	531
143.227	420	143.253	535
143.278	419	143.304	539
143.328	418	143.354	542
143.380	417	143.405	543
143.430	415	143.455	544
143.481	414	143.507	544
143.531	412	143.557	543
143.582	411	143.608	541
143.632	409	143.658	538
143.684	407	143.709	534
143.734	408	143.759	529
143.785	407	143.811	524
143.835	407	143.861	520
143.886	407	143.912	515
143.937	408	143.962	511
143.988	409	144.013	508
144.038	410	144.064	504
144.089	411	144.115	504
144.139	412	144.165	503
144.191	413	144.216	504
144.241	415	144.266	505
144.292	416	144.318	508
144.342	416	144.368	511
144.393	417	144.419	516
144.443	417	144.469	520
144.495	417	144.520	525
144.545	417	144.570	529
144.596	417	144.622	534
144.646	416	144.672	537
144.697	416	144.723	540
144.748	415	144.773	543
144.799	414	144.824	544
144.849	414	144.875	544
144.900	413	144.926	543
144.950	412	144.976	541
145.002	411	145.027	538
145.052	411	145.077	535
145.103	411	145.129	530
145.153	410	145.179	526
145.204	411	145.230	520
145.254	411	145.280	517
145.306	411	145.331	512
145.356	411	145.381	508
145.407	412	145.433	506
145.457	413	145.483	504
145.508	413	145.534	503
145.559	414	145.584	504
145.610	414	145.635	505
145.660	414	145.686	507
145.711	414	145.737	511
145.761	414	145.787	514
145.813	415	145.838	519
145.863	414	145.888	524
145.914	414	145.940	528
145.964	414	145.990	532
146.015	414	146.041	536
146.065	414	146.091	540
146.117	413	146.142	542
146.167	414	146.192	543
146.218	413	146.244	543
146.268	413	146.294	542
146.319	413	146.345	541
146.370	413	146.395	539
146.421	413	146.446	536
146.472	413	146.497	532
146.522	414	146.548	527
146.573	414	146.598	522
146.624	414	146.649	518
146.675	414	146.699	514
146.725	414	146.751	510
146.776	415	146.801	507
146.826	414	146.852	505
146.878	414	146.902	504
146.928	413	146.953	504
146.979	414	147.003	505
147.029	413	147.055	507
147.080	413	147.105	510
147.130	412	147.156	514
147.182	412	147.206	517
147.232	412	147.257	522
147.283	411	147.308	526
147.333	412	147.359	530
147.384	411	147.409	534
147.435	412	147.460	538
147.486	412	147.510	540
147.536	412	147.562	543
147.587	413	147.612	543
147.637	414	147.663	542
147.689	414	147.713	541
147.739	415	147.764	539
147.790	416	147.814	536
147.840	415	147.866	532
147.891	417	147.916	528
147.941	417	147.967	523
147.993	417	148.017	519
148.043	416	148.068	515
148.094	417	148.119	512
148.144	416	148.170	509
148.195	415	148.220	507
148.246	414	148.271	505
148.297	414	148.321	505
148.347	413	148.373	506
148.398	412	148.423	508
148.448	411	148.474	510
148.500	411	148.524	513
148.550	410	148.575	517
148.601	409	148.625	521
148.651	409	148.677	526
148.702	409	148.727	529
148.752	409	148.778	533
148.804	410	148.828	536
148.854	411	148.879	539
148.905	411	148.930	541
148.955	414	148.981	541
149.006	414	149.031	542
149.057	415	149.082	540
149.108	416	149.132	539
149.158	418	149.184	535
149.209	418	149.234	532
149.259	420	149.285	529
149.311	420	149.335	525
149.361	419	149.386	521
149.412	418	149.436	517
149.462	419	149.488	514
149.513	418	149.539	511
149.563	417	149.589	508
149.615	415	149.640	507
149.665	414	149.690	506
149.716	413	149.742	507
149.766	411	149.792	508
149.817	409	149.843	510
149.868	409	149.893	513
149.919	408	149.944	516
149.969	407	149.995	521
150.020	407	150.046	524
150.070	408	150.096	528
150.122	408	150.147	531
150.172	409	150.197	535
150.223	410	150.249	538
150.273	411	150.299	538
150.324	413	150.350	539
150.374	415	150.400	540
150.426	416	150.451	539
150.476	418	150.501	537
150.527	419	150.553	535
150.577	420	150.603	532
150.628	421	150.654	529
150.679	421	150.704	526
150.730	422	150.755	523
150.780	421	150.806	519
150.831	421	150.857	515
150.881	419	150.907	512
150.933	418	150.958	510
150.983	416	151.008	509
151.034	415	151.060	508
151.084	412	151.110	508
151.135	411	151.161	509
151.185	409	151.211	511
151.237	408	151.262	513
151.287	406	151.312	516
151.338	406	151.364	520
151.388	406	151.414	523
151.439	406	151.465	526
151.490	407	151.515	529
151.541	408	151.566	532
151.591	409	151.617	534
151.642	411	151.668	537
151.692	412	151.718	538
151.744	414	151.769	538
151.794	416	151.819	538
151.845	418	151.871	536
151.895	420	151.921	535
151.946	421	151.972	533
151.996	422	152.022	529
152.048	424	152.073	526
152.098	423	152.123	523
152.149	423	152.175	520
152.199	422	152.225	517
152.250	421	152.276	514
152.301	420	152.326	513
152.352	417	152.377	511
152.402	416	152.428	511
152.453	414	152.479	510
152.503	411	152.529	511
152.555	409	152.580	512
152.605	407	152.630	514
152.656	406	152.682	516
152.706	405	152.732	519
152.757	405	152.783	521
152.808	405	152.833	525
152.859	405	152.884	527
152.909	407	152.934	531
152.960	407	152.986	532
153.010	410	153.036	535
153.061	411	153.087	535
153.112	414	153.137	537
153.163	416	153.188	536
153.213	418	153.239	535
153.264	420	153.290	535
153.314	423	153.340	532
153.366	423	153.391	529
153.416	425	153.441	527
153.467	424	153.493	524
153.517	425	153.543	521
153.568	423	153.594	519
153.619	424	153.644	517
153.670	421	153.695	514
153.720	418	153.745	513
153.771	416	153.797	512
153.821	414	153.847	512
153.872	411	153.898	513
153.923	410	153.948	513
153.974	407	153.999	514
154.025	404	154.050	516
154.075	405	154.101	518
154.126	404	154.151	521
154.177	404	154.202	523
154.228	404	154.252	527
154.278	405	154.304	528
154.329	407	154.354	530
154.379	408	154.405	532
154.431	411	154.455	535
154.481	414	154.506	534
154.532	416	154.556	535
154.582	418	154.608	534
154.633	421	154.658	533
154.683	422	154.709	531
154.735	424	154.759	530
154.785	426	154.810	528
154.836	426	154.861	524
154.886	426	154.912	523
154.937	425	154.962	520
154.988	424	155.013	518
155.039	423	155.063	516
155.089	420	155.115	515
155.140	417	155.165	515
155.190	415	155.216	514
155.242	412	155.266	513
155.292	410	155.317	514
155.343	408	155.368	516
155.393	406	155.419	516
155.444	404	155.469	519
155.494	403	155.520	521
155.546	403	155.570	523
155.596	403	155.621	526
155.647	404	155.672	527
155.697	406	155.723	529
155.748	408	155.773	531
155.799	409	155.824	532
155.850	413	155.874	532
155.900	415	155.926	533
155.951	418	155.976	533
156.001	421	156.027	531
156.053	423	156.077	530
156.103	425	156.128	529
156.154	427	156.179	527
