#Creator: pendulumviewEventBuffer
#Creation time: Thu Mar 24 12:07:43 2022
#Time A	Pos A	Time B	Pos B
#[s]	[au]	[s]	[au]
0.024	580	0.050	411
0.075	583	0.100	411
0.126	582	0.151	411
0.177	580	0.201	411
0.227	582	0.253	411
0.278	580	0.303	410
0.328	580	0.354	411
0.379	581	0.404	410
0.430	582	0.455	410
0.481	580	0.505	408
0.531	581	0.557	410
0.582	581	0.607	410
0.632	580	0.658	410
0.684	581	0.708	410
0.734	580	0.759	410
0.785	581	0.810	410
0.835	580	0.861	410
0.886	583	0.911	411
0.937	579	0.962	409
0.988	582	1.013	410
1.038	581	1.064	410
1.089	581	1.115	410
1.139	580	1.165	410
1.190	580	1.216	410
1.241	580	1.266	410
1.292	579	1.317	411
1.342	580	1.368	410
1.393	580	1.419	410
1.443	579	1.469	409
1.495	582	1.520	410
1.545	580	1.570	411
1.596	579	1.622	411
1.646	581	1.672	410
1.697	580	1.723	410
1.748	578	1.773	410
1.799	581	1.824	410
1.849	580	1.875	408
1.900	580	1.926	410
1.950	580	1.976	411
2.001	580	2.027	411
2.052	579	2.077	410
2.103	580	2.128	410
2.153	578	2.179	410
2.204	579	2.230	412
2.254	577	2.280	410
2.306	579	2.331	411
2.356	580	2.381	411
2.407	578	2.433	410
2.457	579	2.483	412
2.508	581	2.534	411
2.559	580	2.584	411
2.610	580	2.635	411
2.660	581	2.686	411
2.711	580	2.737	411
2.761	580	2.787	411
2.813	580	2.838	411
2.863	580	2.888	411
2.914	579	2.939	411
2.964	579	2.990	410
3.015	579	3.041	412
3.065	579	3.091	411
3.117	578	3.142	411
3.167	580	3.192	411
3.218	578	3.244	412
3.268	579	3.294	411
3.319	578	3.345	412
3.370	579	3.395	413
3.421	575	3.446	418
3.471	565	3.497	430
3.522	548	3.548	446
3.572	528	3.598	465
3.624	504	3.649	488
3.674	477	3.699	512
3.725	450	3.750	537
3.775	423	3.801	560
3.826	400	3.852	582
3.876	379	3.902	599
3.928	363	3.953	613
3.978	353	4.003	620
4.029	349	4.055	624
4.079	351	4.105	621
4.130	359	4.156	611
4.181	373	4.206	598
4.232	391	4.257	580
4.282	413	4.308	559
4.333	439	4.359	534
4.383	466	4.409	511
4.435	492	4.460	486
4.485	517	4.510	463
4.536	539	4.561	444
4.586	557	4.612	429
4.637	569	4.663	420
4.687	576	4.713	415
4.739	577	4.764	415
4.789	571	4.814	421
4.840	559	4.866	433
4.890	542	4.916	450
4.941	521	4.967	469
4.992	497	5.017	492
5.043	471	5.068	516
5.093	444	5.119	540
5.144	419	5.170	563
5.194	395	5.220	584
5.246	377	5.271	600
5.296	362	5.321	611
5.347	354	5.373	618
5.397	351	5.423	620
5.448	354	5.474	616
5.498	364	5.524	607
5.550	378	5.575	592
5.600	396	5.625	575
5.651	419	5.677	553
5.701	446	5.727	531
5.752	471	5.778	506
5.803	496	5.828	483
5.854	521	5.879	462
5.904	541	5.930	443
5.955	558	5.981	429
6.005	569	6.031	421
6.057	574	6.082	416
6.107	574	6.132	418
6.158	568	6.184	425
6.208	555	6.234	437
6.259	538	6.285	454
6.309	516	6.335	474
6.361	491	6.386	496
6.411	465	6.436	519
6.462	439	6.488	543
6.512	415	6.538	564
6.563	392	6.589	584
6.614	374	6.639	600
6.665	361	6.690	612
6.715	354	6.741	618
6.766	352	6.792	618
6.816	357	6.842	613
6.868	367	6.893	603
6.918	382	6.943	588
6.969	401	6.995	571
7.019	424	7.045	549
7.070	450	7.096	526
7.120	477	7.146	503
7.172	501	7.197	480
7.222	525	7.247	460
7.273	545	7.299	443
7.323	559	7.349	430
7.374	569	7.400	421
7.425	573	7.450	418
7.476	572	7.501	420
7.526	564	7.552	429
7.577	551	7.603	441
7.627	532	7.653	458
7.679	510	7.704	478
7.729	485	7.754	501
7.780	459	7.806	524
7.830	435	7.856	546
7.881	409	7.907	567
7.931	390	7.957	586
7.983	372	8.008	600
8.034	360	8.058	610
8.084	353	8.110	615
8.135	354	8.160	615
8.185	359	8.211	609
8.237	371	8.261	599
8.287	387	8.312	584
8.338	407	8.363	566
8.388	430	8.414	545
8.439	456	8.464	522
8.490	481	8.515	500
8.541	506	8.565	478
8.591	528	8.617	458
8.642	547	8.667	442
8.692	561	8.718	431
8.744	569	8.768	423
8.794	573	8.819	421
8.845	569	8.869	424
8.895	560	8.921	433
8.946	546	8.971	446
8.996	527	9.022	462
9.048	505	9.072	483
9.098	481	9.123	504
9.149	455	9.174	526
9.199	429	9.225	549
9.250	406	9.275	569
9.301	386	9.326	586
9.352	371	9.376	600
9.402	360	9.428	609
9.453	355	9.478	614
9.503	354	9.529	612
9.555	362	9.579	606
9.605	373	9.630	595
9.656	391	9.680	580
9.706	412	9.732	561
9.757	435	9.782	541
9.807	460	9.833	518
9.859	486	9.883	496
9.909	510	9.934	475
9.960	531	9.985	457
10.010	549	10.036	441
10.061	562	10.086	432
10.112	570	10.137	425
10.163	571	10.187	423
10.213	567	10.239	428
10.264	557	10.289	437
10.314	542	10.340	450
10.366	523	10.390	467
10.416	500	10.441	487
10.467	474	10.491	509
10.517	450	10.543	531
10.568	425	10.593	553
10.618	403	10.644	572
10.670	383	10.694	588
10.720	369	10.745	600
10.771	360	10.796	608
10.821	355	10.847	611
10.872	357	10.897	609
10.923	366	10.948	603
10.974	378	10.999	591
11.024	395	11.050	576
11.075	416	11.101	556
11.125	441	11.151	536
11.177	465	11.202	515
11.227	490	11.252	493
11.278	514	11.304	473
11.328	535	11.354	455
11.379	551	11.405	442
11.429	563	11.455	432
11.481	570	11.506	427
11.531	570	11.556	427
11.582	565	11.608	432
11.632	554	11.658	441
11.683	538	11.709	455
11.734	518	11.759	472
11.785	495	11.810	492
11.835	471	11.861	513
11.886	446	11.912	535
11.936	421	11.962	555
11.988	400	12.013	574
12.038	381	12.063	589
12.089	368	12.115	601
12.139	359	12.165	607
12.190	357	12.216	609
12.240	360	12.266	606
12.292	368	12.317	598
12.342	382	12.367	587
12.393	400	12.419	571
12.443	421	12.469	552
12.494	445	12.520	531
12.545	470	12.570	511
12.596	494	12.621	489
12.646	517	12.672	471
12.697	537	12.723	454
12.747	553	12.773	441
12.799	564	12.824	433
12.849	569	12.874	428
12.900	570	12.926	429
12.950	562	12.976	435
13.001	551	13.027	445
13.051	534	13.077	460
13.103	513	13.128	477
13.153	491	13.178	497
13.204	466	13.230	518
13.254	441	13.280	539
13.305	418	13.331	558
13.356	397	13.381	576
13.407	380	13.432	589
13.457	367	13.483	600
13.508	360	13.534	606
13.558	358	13.584	608
13.610	362	13.635	603
13.660	371	13.685	595
13.711	386	13.737	583
13.761	404	13.787	566
13.812	425	13.838	547
13.862	449	13.888	527
13.914	474	13.939	506
13.964	498	13.989	487
14.015	520	14.041	468
14.065	539	14.091	453
14.116	554	14.142	442
14.167	564	14.192	433
14.218	568	14.243	430
14.269	566	14.294	432
14.319	559	14.345	439
14.370	547	14.395	450
14.421	530	14.446	465
14.472	509	14.496	481
14.522	486	14.548	501
14.573	462	14.598	522
14.623	438	14.649	542
14.675	415	14.699	561
14.725	394	14.750	578
14.776	379	14.800	590
14.826	367	14.852	599
14.877	360	14.902	604
14.927	359	14.953	604
14.979	364	15.003	599
15.029	374	15.054	590
15.080	389	15.105	577
15.130	409	15.156	561
15.181	430	15.206	542
15.232	454	15.257	522
15.283	478	15.307	502
15.333	501	15.359	483
15.384	523	15.409	466
15.434	541	15.460	452
15.486	555	15.510	441
15.536	563	15.561	434
15.587	567	15.611	433
15.637	564	15.663	435
15.688	557	15.713	443
15.738	543	15.764	454
15.790	526	15.814	469
15.840	505	15.865	487
15.891	482	15.916	506
15.941	458	15.967	527
15.992	434	16.017	546
16.043	412	16.068	563
16.094	392	16.118	579
16.144	377	16.170	591
16.195	366	16.220	599
16.245	361	16.271	603
16.297	361	16.321	602
16.347	366	16.372	596
16.398	377	16.422	587
16.448	393	16.474	573
16.499	412	16.524	557
16.549	434	16.575	538
16.601	458	16.625	518
16.651	482	16.676	499
16.702	505	16.727	480
16.752	525	16.778	464
16.803	543	16.828	451
16.854	555	16.879	441
16.905	563	16.929	435
16.955	566	16.981	434
17.006	562	17.031	438
17.056	555	17.082	447
17.108	539	17.132	458
17.158	522	17.183	474
17.209	502	17.233	491
17.259	478	17.285	510
17.310	454	17.336	530
17.360	431	17.386	549
17.412	409	17.437	566
17.462	391	17.487	582
17.513	376	17.539	591
17.563	366	17.589	599
17.614	362	17.640	601
17.665	363	17.690	599
17.716	369	17.741	593
17.766	381	17.792	582
17.817	397	17.843	569
17.867	416	17.893	552
17.919	438	17.944	533
17.969	461	17.994	514
18.020	486	18.046	495
18.070	507	18.096	478
18.121	527	18.147	463
18.171	544	18.197	450
18.223	555	18.248	441
18.273	563	18.298	436
18.324	564	18.350	436
18.374	560	18.400	442
18.425	550	18.451	450
18.476	536	18.501	463
18.527	518	18.552	479
18.577	496	18.603	496
18.628	474	18.654	515
18.678	451	18.704	534
18.730	428	18.755	552
18.780	406	18.805	568
18.831	389	18.857	582
18.881	376	18.907	591
18.932	368	18.958	599
18.982	364	19.008	600
19.034	365	19.059	596
19.084	373	19.109	589
19.135	384	19.161	578
19.185	401	19.211	564
19.236	421	19.262	547
19.287	442	19.312	529
19.338	465	19.363	510
19.388	488	19.414	492
19.439	510	19.465	475
19.489	528	19.515	460
19.541	544	19.566	448
19.591	556	19.616	441
19.642	561	19.668	438
19.692	562	19.718	439
19.743	557	19.769	444
19.793	547	19.819	454
19.845	532	19.870	467
19.895	514	19.920	483
19.946	492	19.972	501
19.996	470	20.022	519
20.047	447	20.073	538
20.098	425	20.123	556
20.149	405	20.174	571
20.199	388	20.225	583
20.250	376	20.276	592
20.300	368	20.326	597
20.352	365	20.377	598
20.402	368	20.427	594
20.453	376	20.479	587
20.503	388	20.529	575
20.554	405	20.580	560
20.605	424	20.630	542
20.656	447	20.681	524
20.706	469	20.731	506
20.757	492	20.783	487
20.807	512	20.833	473
20.858	531	20.884	458
20.909	545	20.934	448
20.960	555	20.985	441
21.010	560	21.036	439
21.061	560	21.087	441
21.111	554	21.137	447
21.163	543	21.188	458
21.213	528	21.238	471
21.264	509	21.290	487
21.314	489	21.340	505
21.365	467	21.391	524
21.416	444	21.441	541
21.467	422	21.492	559
21.517	403	21.542	572
21.568	388	21.594	586
21.618	376	21.644	593
21.669	369	21.695	597
21.720	367	21.745	596
21.771	371	21.796	591
21.822	379	21.847	583
21.872	392	21.898	570
21.923	409	21.948	555
21.974	429	21.999	538
22.025	451	22.049	520
22.075	473	22.101	501
22.126	494	22.151	484
22.176	514	22.202	470
22.228	532	22.252	457
22.278	545	22.303	448
22.329	554	22.353	442
22.379	558	22.405	441
22.430	557	22.455	443
22.480	551	22.506	451
22.532	540	22.556	462
22.582	524	22.607	475
22.633	505	22.658	492
22.683	484	22.709	509
22.734	463	22.759	528
22.785	441	22.810	546
22.836	420	22.860	560
22.886	402	22.912	575
22.937	387	22.962	586
22.987	376	23.013	592
23.039	371	23.063	595
23.089	370	23.114	594
23.140	374	23.165	589
23.190	383	23.216	579
23.241	396	23.266	567
23.291	413	23.317	551
23.343	433	23.367	534
23.393	454	23.418	516
23.444	476	23.469	499
23.494	497	23.520	482
23.545	517	23.570	467
23.596	533	23.621	455
23.647	545	23.671	447
23.697	553	23.723	442
23.748	556	23.773	441
23.798	554	23.824	446
23.850	547	23.874	453
23.900	536	23.925	465
23.951	520	23.976	480
24.001	501	24.027	496
24.052	481	24.077	513
24.102	459	24.128	530
24.154	437	24.178	548
24.204	418	24.229	564
24.255	400	24.280	577
24.305	387	24.331	587
24.356	378	24.381	593
24.407	372	24.432	594
24.458	371	24.482	592
24.508	377	24.534	586
24.559	387	24.584	576
24.609	400	24.635	563
24.661	417	24.685	547
24.711	437	24.736	530
24.762	458	24.787	511
24.812	480	24.838	495
24.863	500	24.889	478
24.913	518	24.939	465
24.965	533	24.990	454
25.015	545	25.040	446
25.066	552	25.092	442
25.116	554	25.142	443
25.167	551	25.193	448
25.218	543	25.243	456
25.269	532	25.294	468
25.319	516	25.345	483
25.370	497	25.396	499
25.420	476	25.446	517
25.472	457	25.497	535
25.522	435	25.547	551
25.573	416	25.599	566
25.623	399	25.649	578
25.674	386	25.700	587
25.725	378	25.750	592
25.776	374	25.801	593
25.826	375	25.851	591
25.877	381	25.903	584
25.927	392	25.953	573
25.978	405	26.004	559
26.029	422	26.054	543
26.080	441	26.105	526
26.130	461	26.156	509
26.181	482	26.207	492
26.231	502	26.257	476
26.283	519	26.308	463
26.333	534	26.358	453
26.384	544	26.410	446
26.434	550	26.460	443
26.485	551	26.511	445
26.536	547	26.561	450
26.587	539	26.612	459
26.637	527	26.662	470
26.688	511	26.714	487
26.738	493	26.764	503
26.789	473	26.815	521
26.840	452	26.865	537
26.891	432	26.916	554
26.941	414	26.967	569
26.992	399	27.018	580
27.042	386	27.068	588
27.094	380	27.119	592
27.144	377	27.169	592
27.195	378	27.221	588
27.245	385	27.271	581
27.296	395	27.322	571
27.347	409	27.372	557
27.398	427	27.423	541
27.448	446	27.473	523
27.499	466	27.525	505
27.549	486	27.575	489
27.600	505	27.626	474
27.651	521	27.676	461
27.702	534	27.727	451
27.752	543	27.778	446
27.803	548	27.829	444
27.853	549	27.879	446
27.905	544	27.930	452
27.955	535	27.980	462
28.006	523	28.032	476
28.056	506	28.082	490
28.107	488	28.133	507
28.158	468	28.183	525
28.209	448	28.234	541
28.259	430	28.285	557
28.310	412	28.336	570
28.360	398	28.386	582
28.411	387	28.437	589
28.462	381	28.487	592
28.513	379	28.538	591
28.564	381	28.589	587
28.614	389	28.640	578
28.665	399	28.690	567
28.716	414	28.741	552
28.767	431	28.791	536
28.817	450	28.843	518
28.868	469	28.893	502
28.918	489	28.944	486
28.970	507	28.994	471
29.020	523	29.045	459
29.071	535	29.096	451
29.121	544	29.147	446
29.172	547	29.197	445
29.222	546	29.248	448
29.274	541	29.298	455
29.324	531	29.349	465
29.375	518	29.400	478
29.425	503	29.451	494
29.476	484	29.501	510
29.527	464	29.552	528
29.578	446	29.602	544
29.628	427	29.654	559
29.679	410	29.704	572
29.729	398	29.755	582
29.781	387	29.805	588
29.831	381	29.856	591
29.882	380	29.907	590
29.932	384	29.958	584
29.983	391	30.008	576
30.033	403	30.059	564
30.085	417	30.109	549
30.135	435	30.160	533
30.186	454	30.211	515
30.236	473	30.262	499
30.287	492	30.312	483
30.338	509	30.363	470
30.389	523	30.413	459
30.439	535	30.465	450
30.490	542	30.515	446
30.540	545	30.566	446
30.592	543	30.616	450
30.642	537	30.667	457
30.693	527	30.718	468
30.743	514	30.769	481
30.794	497	30.819	497
30.845	480	30.870	514
30.896	461	30.920	530
30.946	441	30.971	547
30.997	424	31.022	562
31.047	409	31.073	574
31.098	396	31.123	582
31.149	388	31.174	589
31.200	384	31.224	590
31.250	384	31.276	588
31.301	387	31.326	582
31.351	395	31.377	573
31.403	407	31.427	560
31.453	423	31.478	546
31.504	439	31.529	530
31.554	458	31.580	513
31.605	477	31.631	497
31.656	495	31.681	481
31.707	511	31.732	468
31.757	525	31.782	457
31.808	534	31.834	450
31.858	541	31.884	447
31.909	543	31.935	447
31.960	540	31.985	452
32.011	533	32.036	460
32.061	523	32.087	470
32.112	509	32.138	485
32.162	493	32.188	500
32.214	475	32.239	517
32.264	456	32.289	533
32.315	438	32.341	549
32.365	422	32.391	563
32.416	407	32.442	575
32.467	396	32.492	583
32.518	388	32.543	589
32.568	384	32.593	589
32.619	386	32.645	587
32.669	391	32.695	580
32.720	400	32.746	571
32.771	413	32.796	558
32.822	427	32.847	543
32.872	444	32.898	526
32.923	462	32.949	510
32.973	481	32.999	494
33.025	497	33.050	479
33.075	513	33.100	467
33.126	525	33.152	456
33.176	534	33.202	451
33.227	540	33.253	448
33.278	541	33.303	449
33.329	538	33.354	454
33.379	531	33.405	462
33.430	519	33.456	474
33.480	505	33.506	488
33.531	489	33.557	503
33.582	471	33.607	520
33.633	453	33.658	536
33.683	435	33.709	551
33.734	419	33.760	565
33.784	406	33.810	575
33.836	396	33.861	584
33.886	390	33.911	588
33.937	387	33.963	588
33.987	388	34.013	585
34.038	394	34.064	578
34.089	403	34.114	568
34.140	416	34.165	555
34.190	432	34.216	541
34.241	448	34.267	525
34.291	467	34.317	508
34.342	484	34.368	492
34.393	500	34.418	477
34.444	515	34.469	466
34.494	526	34.520	457
34.545	534	34.571	451
34.595	538	34.621	449
34.647	539	34.672	450
34.697	534	34.722	456
34.748	526	34.774	464
34.798	515	34.824	476
34.849	500	34.875	491
34.900	485	34.925	506
34.951	467	34.976	522
35.001	449	35.027	539
35.052	433	35.078	555
35.102	417	35.128	567
35.153	405	35.179	577
35.204	396	35.229	583
35.255	390	35.280	588
35.305	388	35.331	586
35.356	391	35.382	584
35.406	398	35.432	576
35.458	408	35.483	565
35.508	421	35.533	553
35.559	436	35.585	536
35.609	452	35.635	521
35.660	471	35.686	505
35.711	488	35.736	490
35.762	503	35.787	477
35.812	517	35.838	465
35.863	527	35.889	456
35.913	535	35.939	451
35.965	537	35.990	450
36.015	536	36.040	452
36.066	531	36.091	458
36.116	523	36.142	468
36.167	511	36.193	480
36.217	496	36.243	493
36.269	480	36.294	509
36.319	463	36.344	525
36.370	446	36.396	540
36.420	430	36.446	555
36.471	415	36.497	567
36.522	403	36.547	577
36.573	396	36.598	584
36.623	391	36.649	586
36.674	390	36.700	586
36.724	394	36.750	581
36.776	400	36.801	573
36.826	411	36.851	562
36.877	424	36.902	549
36.927	440	36.953	534
36.978	457	37.004	519
37.028	474	37.054	503
37.080	490	37.105	487
37.130	505	37.155	475
37.181	519	37.207	464
37.231	528	37.257	456
37.282	534	37.308	452
37.333	536	37.358	451
37.384	534	37.409	454
37.434	528	37.460	461
37.485	520	37.511	470
37.535	507	37.561	482
37.587	493	37.612	496
37.637	475	37.662	512
37.688	459	37.713	528
37.738	442	37.764	543
37.789	427	37.815	556
37.839	413	37.865	567
37.891	401	37.916	576
37.941	395	37.966	583
37.992	391	38.018	584
38.042	392	38.068	583
38.093	397	38.119	578
38.144	403	38.169	570
38.195	415	38.220	560
38.245	428	38.271	546
38.296	444	38.322	531
38.346	462	38.372	515
38.398	478	38.423	500
38.448	494	38.473	486
38.499	508	38.525	474
38.549	520	38.575	464
38.600	528	38.626	456
38.650	533	38.676	452
38.702	535	38.727	453
38.752	532	38.777	456
38.803	525	38.829	463
38.853	515	38.879	473
38.904	502	38.930	484
38.955	488	38.980	499
39.006	472	39.031	514
39.056	455	39.082	529
39.107	439	39.133	545
39.157	425	39.183	558
39.209	411	39.234	569
39.259	402	39.284	577
39.310	395	39.336	582
39.360	392	39.386	584
39.411	393	39.437	581
39.461	399	39.487	576
39.513	407	39.538	567
39.563	419	39.588	556
39.614	433	39.640	544
39.664	448	39.690	528
39.715	465	39.741	514
39.766	482	39.791	498
39.817	497	39.842	485
39.867	510	39.893	473
39.918	521	39.944	464
39.968	529	39.994	457
40.020	533	40.045	454
40.070	534	40.095	455
40.121	529	40.147	459
40.171	523	40.197	466
40.222	512	40.248	476
40.272	499	40.298	488
40.324	485	40.349	501
40.374	468	40.399	517
40.425	451	40.451	532
40.475	436	40.501	546
40.526	422	40.552	559
40.578	409	40.602	568
40.628	400	40.653	577
40.679	395	40.704	580
40.729	393	40.755	582
40.780	396	40.805	580
40.831	401	40.856	574
40.882	410	40.906	564
40.932	422	40.958	554
40.983	437	41.008	541
41.033	452	41.059	527
41.085	469	41.109	511
41.135	484	41.160	496
41.186	499	41.210	484
41.236	512	41.262	473
41.287	522	41.312	463
41.337	529	41.363	458
41.389	533	41.413	455
41.439	532	41.464	457
41.490	527	41.515	461
41.540	519	41.566	469
41.591	509	41.616	479
41.642	496	41.667	491
41.693	480	41.717	505
41.743	464	41.769	520
41.794	448	41.819	534
41.844	433	41.870	548
41.896	419	41.920	561
41.946	408	41.971	569
41.997	400	42.021	577
42.047	395	42.073	580
42.098	394	42.123	581
42.148	398	42.174	578
42.200	404	42.224	570
42.250	413	42.275	562
42.301	426	42.326	551
42.351	440	42.377	537
42.402	456	42.427	522
42.453	472	42.478	508
42.504	488	42.528	495
42.554	501	42.580	482
42.605	514	42.630	472
42.655	523	42.681	464
42.707	529	42.731	459
42.757	532	42.782	457
42.808	531	42.832	459
42.858	526	42.884	464
42.909	517	42.934	471
42.959	506	42.985	482
43.011	493	43.035	495
43.061	477	43.086	508
43.112	461	43.137	523
43.162	446	43.188	536
43.213	431	43.238	550
43.264	418	43.289	561
43.315	407	43.339	571
43.365	400	43.391	577
43.416	396	43.441	579
43.466	396	43.492	579
43.518	399	43.542	574
43.568	405	43.593	567
43.619	415	43.643	558
43.669	427	43.695	546
43.720	443	43.746	533
43.770	458	43.796	519
43.822	475	43.847	505
43.872	489	43.897	493
43.923	504	43.949	481
43.973	515	43.999	472
44.024	525	44.050	464
44.075	530	44.100	460
44.126	531	44.151	460
44.176	529	44.202	462
44.227	524	44.253	467
44.277	514	44.303	475
44.329	503	44.354	485
44.379	488	44.404	498
44.430	474	44.456	512
44.480	457	44.506	525
44.531	441	44.557	540
44.581	427	44.607	551
44.633	415	44.658	562
44.683	405	44.708	570
44.734	399	44.760	576
44.784	396	44.810	578
44.835	396	44.861	576
44.886	401	44.911	573
44.937	409	44.962	565
44.987	420	45.013	556
45.038	432	45.064	544
45.088	446	45.114	531
45.140	462	45.165	517
45.190	478	45.215	504
45.241	493	45.267	491
45.291	506	45.317	479
45.342	517	45.368	471
45.392	524	45.418	464
45.444	528	45.469	460
45.494	530	45.519	460
45.545	527	45.571	463
45.595	521	45.621	469
45.646	510	45.672	478
45.697	499	45.722	489
45.748	486	45.773	501
45.798	471	45.824	515
45.849	455	45.875	528
45.899	440	45.925	541
45.951	426	45.976	553
46.001	414	46.026	563
46.052	406	46.078	570
46.102	400	46.128	574
46.153	397	46.179	576
46.203	398	46.229	574
46.255	402	46.280	569
46.305	411	46.330	562
46.356	422	46.382	552
46.406	435	46.432	541
46.457	450	46.483	528
46.508	465	46.533	515
46.559	480	46.584	502
46.609	494	46.635	490
46.660	508	46.686	479
46.710	518	46.736	471
46.762	525	46.787	465
46.812	528	46.837	462
46.863	529	46.889	463
46.913	525	46.939	466
46.964	519	46.990	473
47.014	508	47.040	481
47.066	496	47.091	492
47.116	482	47.141	504
47.167	467	47.193	517
47.217	452	47.243	530
47.268	437	47.294	542
47.319	423	47.344	553
47.370	412	47.395	563
47.421	404	47.446	569
47.471	399	47.497	573
47.522	398	47.547	575
47.573	399	47.598	573
47.624	405	47.648	568
47.674	414	47.700	560
47.725	425	47.750	549
47.775	438	47.801	538
47.827	453	47.851	525
47.877	469	47.902	512
47.928	483	47.952	500
47.978	497	48.004	488
48.029	509	48.054	478
48.079	519	48.105	470
48.131	524	48.155	465
48.181	528	48.206	463
48.232	527	48.257	465
48.282	523	48.308	468
48.333	516	48.358	475
48.384	506	48.409	484
48.435	493	48.459	495
48.485	479	48.511	507
48.536	464	48.561	520
48.586	449	48.612	532
48.638	436	48.662	544
48.688	422	48.713	555
48.739	411	48.763	563
48.789	404	48.815	570
48.840	400	48.865	573
48.890	399	48.916	573
48.942	401	48.966	570
48.992	407	49.017	565
49.043	416	49.068	556
49.093	428	49.119	547
49.144	441	49.169	535
49.195	456	49.220	522
49.246	471	49.270	510
49.296	485	49.322	498
49.347	499	49.372	486
49.397	509	49.423	477
49.449	519	49.473	471
49.499	525	49.524	466
49.550	527	49.574	465
49.600	526	49.626	467
49.651	522	49.676	471
49.701	513	49.727	478
49.753	503	49.777	487
49.803	491	49.828	498
49.854	477	49.879	510
49.904	461	49.930	523
49.955	447	49.980	535
50.006	433	50.031	546
50.057	421	50.081	555
50.107	411	50.133	564
50.158	404	50.183	569
50.208	400	50.234	572
50.260	400	50.284	571
50.310	404	50.335	568
50.361	409	50.385	562
50.411	419	50.437	553
50.462	431	50.488	544
50.512	445	50.538	531
50.564	459	50.589	519
50.614	474	50.639	507
50.665	487	50.691	495
50.715	502	50.741	485
50.766	511	50.792	477
50.817	519	50.842	471
50.868	525	50.893	467
50.918	526	50.944	467
50.969	525	50.995	469
51.019	519	51.045	474
51.071	511	51.096	481
51.121	500	51.146	490
51.172	487	51.198	501
51.222	473	51.248	513
51.273	458	51.299	525
51.323	444	51.349	537
51.375	431	51.400	548
51.425	419	51.450	557
51.476	411	51.502	565
51.526	405	51.552	569
51.577	401	51.603	571
51.628	402	51.653	569
51.679	405	51.704	564
51.729	412	51.755	559
51.780	422	51.806	550
51.830	434	51.856	540
51.882	448	51.907	529
51.932	461	51.957	517
51.983	475	52.009	505
52.033	489	52.059	494
52.084	502	52.110	484
52.134	512	52.160	477
52.186	519	52.211	471
52.236	524	52.261	468
52.287	525	52.313	468
52.337	523	52.363	471
52.388	517	52.414	476
52.439	509	52.464	484
52.490	498	52.515	494
52.540	484	52.566	504
52.591	471	52.617	516
52.641	457	52.667	528
52.693	442	52.718	539
52.743	430	52.768	550
52.794	418	52.820	558
52.844	409	52.870	564
52.895	404	52.921	568
52.945	401	52.971	569
52.997	402	53.022	567
53.047	407	53.072	563
53.098	415	53.124	556
53.148	424	53.174	548
53.199	436	53.225	537
53.250	449	53.275	525
53.301	464	53.326	514
53.351	478	53.377	503
53.402	491	53.428	493
53.452	503	53.478	483
53.504	513	53.529	476
53.554	520	53.579	472
53.605	524	53.631	469
53.655	524	53.681	470
53.706	521	53.732	473
53.757	515	53.782	479
53.808	506	53.833	487
53.858	495	53.883	496
53.909	482	53.935	507
53.959	468	53.985	518
54.010	454	54.036	530
54.061	440	54.086	541
54.112	428	54.137	551
54.162	417	54.188	559
54.213	409	54.239	564
54.263	405	54.289	567
54.315	402	54.340	568
54.365	404	54.390	566
54.416	409	54.442	560
54.466	417	54.492	553
54.517	428	54.543	545
54.568	439	54.593	534
54.619	453	54.644	524
54.669	466	54.694	511
54.720	480	54.746	500
54.770	494	54.796	491
54.821	504	54.847	482
54.872	513	54.897	476
54.923	519	54.948	472
54.974	522	54.999	470
55.024	522	55.050	471
55.075	519	55.100	475
55.126	512	55.151	481
55.177	503	55.201	490
55.227	492	55.253	499
55.278	479	55.303	510
55.328	465	55.354	522
55.380	452	55.404	533
55.430	438	55.455	542
55.481	427	55.505	552
55.531	417	55.557	559
55.582	410	55.607	564
55.632	406	55.658	567
55.684	404	55.708	567
55.734	407	55.759	564
55.785	412	55.810	558
55.835	418	55.861	551
55.886	430	55.911	542
55.937	442	55.962	532
55.988	455	56.012	520
56.038	469	56.064	510
56.089	482	56.114	498
56.139	495	56.165	489
56.191	505	56.215	481
56.241	514	56.266	475
56.292	519	56.317	472
56.342	521	56.368	471
56.393	520	56.418	473
56.443	517	56.469	478
56.495	510	56.519	484
56.545	500	56.570	492
56.596	489	56.621	502
56.646	477	56.672	513
56.697	462	56.722	524
56.748	450	56.773	535
56.799	437	56.823	545
56.849	426	56.875	554
56.900	416	56.925	560
56.950	411	56.976	564
57.002	406	57.026	566
57.052	407	57.077	565
57.103	409	57.128	562
57.153	413	57.179	557
57.204	422	57.229	549
57.254	433	57.280	538
57.306	445	57.330	528
57.356	457	57.381	517
57.407	471	57.432	507
57.457	484	57.483	496
57.508	496	57.533	487
57.559	506	57.584	481
57.610	513	57.634	475
57.660	518	57.686	473
57.711	520	57.736	473
57.761	519	57.787	475
57.813	514	57.837	480
57.863	507	57.888	486
57.914	497	57.939	495
57.964	486	57.990	505
58.015	474	58.041	515
58.065	461	58.091	527
58.117	448	58.142	537
58.167	436	58.192	547
58.218	425	58.244	554
58.268	417	58.294	561
58.319	411	58.345	563
58.370	409	58.395	565
58.421	407	58.446	563
58.471	410	58.497	560
58.522	416	58.548	553
58.572	425	58.598	545
58.624	436	58.649	536
58.674	447	58.699	526
58.725	460	58.751	514
58.775	474	58.801	504
58.826	485	58.852	495
58.877	497	58.902	487
58.928	506	58.953	480
58.978	513	59.003	476
59.029	517	59.055	473
59.079	519	59.105	474
59.130	517	59.156	476
59.181	512	59.206	482
59.232	504	59.257	489
59.282	495	59.308	497
59.333	483	59.359	507
59.383	471	59.409	518
59.435	458	59.460	529
59.485	446	59.510	539
59.536	434	59.562	548
59.586	424	59.612	556
59.637	416	59.663	561
59.688	411	59.713	563
59.739	409	59.764	564
59.789	410	59.814	562
59.840	413	59.866	557
59.890	420	59.916	551
59.941	428	59.967	544
59.992	438	60.017	534
60.043	450	60.068	524
60.093	463	60.119	513
60.144	475	60.170	502
60.194	487	60.220	494
60.246	497	60.271	486
60.296	506	60.321	480
60.347	512	60.373	475
60.397	517	60.423	474
60.448	516	60.474	475
60.499	514	60.524	478
60.550	509	60.575	484
60.600	502	60.625	491
60.651	492	60.677	500
60.701	481	60.727	510
60.752	469	60.778	520
60.803	456	60.828	532
60.854	444	60.879	541
60.904	433	60.930	549
60.955	424	60.981	556
61.005	417	61.031	561
61.057	412	61.082	562
61.107	411	61.132	562
61.158	412	61.184	561
61.208	415	61.234	555
61.259	422	61.285	549
61.310	431	61.335	540
61.361	441	61.386	531
61.411	453	61.437	521
61.462	465	61.488	510
61.512	477	61.538	501
61.563	488	61.589	492
61.614	498	61.639	484
61.665	507	61.690	479
61.716	512	61.741	476
61.766	515	61.792	475
61.817	515	61.842	476
61.868	512	61.893	480
61.919	507	61.943	486
61.969	499	61.995	493
62.020	490	62.045	502
62.070	478	62.096	512
62.122	466	62.146	523
62.172	454	62.197	533
62.223	443	62.248	542
62.273	432	62.299	549
62.324	423	62.349	556
62.374	416	62.400	560
62.426	414	62.450	562
62.476	412	62.501	562
62.527	413	62.552	559
62.577	418	62.603	554
62.628	425	62.653	547
62.679	434	62.704	539
62.730	444	62.754	529
62.780	456	62.806	519
62.831	467	62.856	509
62.881	479	62.907	499
62.933	490	62.957	491
62.983	500	63.008	484
63.034	506	63.059	479
63.084	511	63.110	476
63.135	513	63.160	476
63.185	513	63.211	477
63.237	510	63.261	481
63.287	505	63.312	488
63.338	496	63.363	496
63.388	486	63.414	504
63.439	475	63.464	515
63.490	463	63.515	524
63.541	451	63.565	535
63.591	441	63.617	543
63.642	431	63.667	551
63.692	424	63.718	557
63.744	418	63.768	561
63.794	414	63.819	562
63.845	414	63.870	560
63.895	416	63.921	558
63.946	420	63.971	552
63.997	428	64.022	545
64.048	437	64.072	536
64.098	446	64.123	526
64.149	458	64.174	517
64.199	469	64.225	506
64.250	481	64.275	497
64.301	491	64.326	490
64.352	499	64.376	483
64.402	506	64.428	479
64.453	511	64.478	477
64.503	512	64.529	477
64.555	511	64.579	479
64.605	508	64.630	484
64.656	502	64.681	490
64.706	493	64.732	498
64.757	483	64.783	507
64.808	473	64.833	517
64.859	461	64.884	527
64.909	451	64.934	536
64.960	440	64.986	544
65.010	430	65.036	552
65.061	423	65.087	557
65.112	417	65.137	561
65.163	415	65.188	562
65.213	415	65.239	560
65.264	417	65.290	556
65.314	424	65.340	550
65.366	430	65.391	543
65.416	439	65.441	534
65.467	449	65.493	525
65.517	461	65.543	515
65.568	472	65.594	505
65.619	482	65.644	496
65.670	493	65.695	488
65.720	500	65.745	483
65.771	506	65.797	479
65.821	510	65.847	477
65.872	511	65.898	477
65.923	509	65.948	480
65.974	505	65.999	486
66.024	499	66.050	492
66.075	490	66.101	500
66.125	481	66.151	509
66.177	470	66.202	519
66.227	459	66.252	528
66.278	448	66.304	539
66.328	439	66.354	546
66.379	430	66.405	553
66.430	423	66.455	557
66.481	419	66.506	560
66.531	417	66.557	560
66.582	417	66.608	558
66.632	420	66.658	554
66.683	425	66.709	547
66.734	433	66.759	541
66.785	442	66.810	531
66.835	452	66.861	522
66.886	463	66.912	513
66.936	473	66.962	503
66.988	484	67.013	495
67.038	493	67.063	488
67.089	500	67.115	482
67.139	506	67.165	479
67.190	509	67.216	478
67.241	509	67.266	479
67.292	507	67.317	483
67.342	502	67.368	488
67.393	496	67.419	495
67.443	488	67.469	503
67.494	478	67.520	512
67.545	467	67.570	522
67.596	457	67.621	530
67.646	447	67.672	539
67.697	437	67.723	547
67.747	429	67.773	553
67.799	424	67.824	558
67.849	419	67.874	559
67.900	417	67.926	559
67.950	419	67.976	557
68.001	423	68.027	553
68.052	428	68.077	546
68.103	435	68.128	539
68.153	444	68.179	530
68.204	455	68.230	520
68.254	465	68.280	511
68.305	476	68.331	502
68.356	485	68.381	493
68.407	494	68.432	488
68.457	500	68.483	482
68.508	505	68.534	479
68.558	508	68.584	479
68.610	508	68.635	480
68.660	505	68.685	484
68.711	500	68.737	489
68.761	493	68.787	496
68.812	485	68.838	504
68.863	475	68.888	514
68.914	465	68.939	523
68.964	455	68.990	532
69.015	445	69.041	541
69.065	437	69.091	547
69.117	428	69.142	554
69.167	423	69.192	558
69.218	420	69.243	559
69.268	419	69.294	559
69.319	421	69.345	556
69.369	425	69.395	551
69.421	431	69.446	545
69.471	439	69.496	537
69.522	447	69.548	527
69.572	457	69.598	519
69.623	467	69.649	510
69.674	477	69.699	501
69.725	486	69.750	493
69.775	494	69.801	487
69.826	501	69.852	482
69.876	505	69.902	480
69.928	506	69.953	479
69.978	505	70.003	481
70.029	502	70.054	485
70.079	498	70.105	491
70.130	490	70.156	498
70.180	482	70.206	506
70.232	473	70.257	516
70.282	462	70.307	524
70.333	453	70.359	534
70.383	443	70.409	541
70.434	435	70.460	549
70.485	428	70.510	553
70.536	423	70.561	557
70.586	421	70.612	559
70.637	421	70.663	558
70.687	422	70.713	554
70.739	428	70.764	549
70.789	433	70.814	543
70.840	441	70.865	535
70.890	450	70.916	526
70.941	460	70.967	518
70.991	471	71.017	508
71.043	479	71.068	500
71.093	488	71.118	493
71.144	495	71.170	486
71.194	501	71.220	483
71.245	504	71.271	481
71.296	505	71.321	480
71.347	505	71.372	483
71.397	501	71.423	487
71.448	495	71.474	493
71.498	487	71.524	500
71.550	479	71.575	508
71.600	470	71.625	518
71.651	461	71.677	526
71.701	451	71.727	535
71.752	442	71.778	543
71.802	434	71.828	549
71.854	428	71.879	554
71.904	424	71.929	556
71.955	421	71.981	557
72.005	422	72.031	557
72.056	424	72.082	553
72.107	429	72.132	548
72.158	436	72.183	541
72.208	444	72.234	533
72.259	453	72.285	524
72.309	463	72.335	515
72.361	472	72.386	507
72.411	481	72.436	499
72.462	489	72.488	492
72.512	495	72.538	486
72.563	500	72.589	483
72.613	503	72.639	481
72.665	503	72.690	482
72.715	502	72.740	484
72.766	498	72.792	488
72.816	493	72.842	494
72.867	485	72.893	502
72.918	476	72.943	510
72.969	467	72.994	519
73.019	458	73.045	527
73.070	449	73.096	535
73.120	441	73.146	543
73.172	434	73.197	549
73.222	427	73.247	554
73.273	424	73.299	556
73.323	423	73.349	556
73.374	424	73.400	554
73.424	427	73.450	551
73.476	432	73.501	546
73.526	439	73.551	539
73.577	447	73.603	531
73.627	456	73.653	523
73.678	465	73.704	514
73.730	474	73.754	505
73.780	483	73.805	498
73.831	490	73.856	492
73.881	497	73.907	486
73.932	500	73.957	483
73.983	502	74.008	482
74.034	503	74.058	483
74.084	500	74.110	486
74.135	496	74.160	491
74.185	490	74.211	496
74.237	482	74.261	504
74.287	474	74.312	512
74.338	465	74.362	520
74.388	456	74.414	529
74.439	447	74.464	536
74.489	438	74.515	544
74.541	432	74.565	549
74.591	428	74.616	553
74.642	425	74.667	555
74.692	424	74.718	555
74.743	425	74.768	554
74.794	428	74.819	549
74.845	434	74.869	544
74.895	441	74.921	537
74.946	448	74.971	529
74.996	458	75.022	521
75.048	467	75.072	513
75.098	475	75.123	504
75.149	485	75.173	498
75.199	491	75.225	492
75.250	496	75.275	487
75.300	500	75.326	484
75.352	502	75.376	483
75.402	501	75.427	485
75.453	498	75.478	488
75.503	494	75.529	492
75.554	488	75.579	499
75.605	480	75.630	506
75.656	471	75.680	513
75.706	463	75.732	522
75.757	454	75.782	529
75.807	445	75.833	537
75.859	439	75.883	544
75.909	432	75.934	549
75.960	427	75.984	553
76.010	425	76.036	554
76.061	425	76.086	553
76.111	427	76.137	552
76.163	431	76.187	548
76.213	437	76.238	542
76.264	443	76.289	536
76.314	452	76.340	528
76.365	460	76.390	520
76.416	469	76.441	512
76.467	478	76.491	505
76.517	485	76.543	497
76.568	492	76.593	492
76.618	497	76.644	488
76.670	500	76.694	485
76.720	500	76.745	485
76.771	500	76.795	486
76.821	496	76.847	489
76.872	492	76.898	494
76.922	486	76.948	500
76.974	477	76.999	507
77.024	469	77.049	515
77.075	460	77.101	523
77.125	452	77.151	531
77.176	444	77.202	538
77.227	437	77.252	544
77.278	430	77.303	549
77.328	427	77.354	553
77.379	426	77.405	553
77.429	426	77.455	553
77.481	429	77.506	550
77.531	433	77.556	546
77.582	439	77.608	540
77.632	446	77.658	533
77.683	454	77.709	526
77.733	462	77.759	519
77.785	471	77.810	510
77.835	479	77.860	504
77.886	487	77.912	497
77.936	492	77.962	492
77.987	497	78.013	488
78.038	499	78.063	485
78.089	500	78.114	486
78.139	499	78.165	488
78.190	495	78.216	491
78.240	490	78.266	496
78.292	483	78.317	502
78.342	475	78.367	509
78.393	467	78.419	518
78.443	459	78.469	525
78.494	450	78.520	532
78.544	443	78.570	539
78.596	435	78.621	544
78.646	432	78.671	549
78.697	427	78.723	551
78.747	427	78.773	552
78.798	427	78.824	551
78.849	430	78.874	549
78.900	435	78.925	544
78.950	441	78.976	539
79.001	448	79.027	532
79.051	456	79.077	524
79.103	465	79.128	517
79.153	473	79.178	510
79.204	481	79.230	503
79.254	488	79.280	496
79.305	493	79.331	492
79.355	497	79.381	488
79.407	499	79.432	487
79.457	499	79.482	488
79.508	496	79.534	489
79.558	493	79.584	493
79.609	488	79.635	498
79.660	480	79.685	504
79.711	473	79.736	511
79.761	465	79.787	519
79.812	456	79.838	526
79.862	448	79.888	533
79.914	441	79.939	539
79.964	435	79.989	544
80.015	431	80.041	548
80.065	428	80.091	551
80.116	427	80.142	552
80.166	428	80.192	549
80.218	432	80.243	546
80.268	437	80.293	541
80.319	443	80.345	537
80.369	450	80.395	530
80.420	458	80.446	523
80.471	467	80.496	515
80.522	475	80.547	508
80.573	483	80.598	501
80.623	488	80.649	496
80.674	494	80.699	492
80.725	497	80.750	488
80.776	499	80.800	489
80.826	498	80.852	489
80.877	495	80.902	491
80.927	491	80.953	495
80.979	486	81.003	500
81.029	479	81.054	507
81.080	472	81.104	513
81.130	463	81.156	520
81.181	455	81.206	527
81.231	447	81.257	534
81.283	440	81.307	540
81.333	434	81.358	545
81.384	431	81.409	548
81.434	429	81.460	550
81.485	429	81.510	549
81.536	430	81.561	548
81.587	433	81.611	544
81.637	438	81.663	540
81.688	445	81.713	534
81.738	452	81.764	528
81.790	461	81.814	521
81.840	468	81.865	514
81.891	476	81.915	508
81.941	484	81.967	501
81.992	489	82.017	496
82.042	494	82.068	492
82.094	497	82.118	490
82.144	498	82.169	489
82.195	497	82.220	490
82.245	494	82.271	493
82.296	489	82.321	497
82.347	484	82.372	502
82.398	477	82.422	508
82.448	469	82.474	515
82.499	461	82.524	521
82.549	453	82.575	529
82.601	446	82.625	535
82.651	439	82.676	540
82.702	434	82.726	544
82.752	430	82.778	547
82.803	429	82.828	549
82.853	429	82.879	548
82.905	431	82.929	546
82.955	435	82.980	543
83.006	440	83.031	538
83.056	446	83.082	532
83.107	454	83.132	526
83.158	462	83.183	519
83.209	470	83.233	513
83.259	478	83.285	506
83.310	484	83.335	501
83.360	490	83.386	496
83.412	494	83.436	493
83.462	497	83.487	491
83.513	497	83.537	491
83.563	496	83.589	492
83.614	493	83.640	495
83.664	488	83.690	498
83.716	482	83.741	504
83.766	475	83.791	510
83.817	468	83.843	516
83.867	459	83.893	523
83.918	452	83.944	529
83.969	445	83.994	536
84.020	439	84.045	540
84.070	434	84.096	544
84.121	431	84.147	547
84.171	429	84.197	547
84.223	430	84.248	546
84.273	433	84.298	545
84.324	436	84.350	542
84.374	442	84.400	537
84.425	448	84.451	531
84.475	456	84.501	524
84.527	463	84.552	518
84.577	471	84.602	513
84.628	479	84.654	506
84.678	485	84.704	501
84.729	490	84.755	497
84.780	494	84.805	493
84.831	495	84.856	492
84.881	497	84.907	492
84.932	495	84.958	494
84.982	492	85.008	496
85.034	486	85.059	500
85.084	480	85.109	506
85.135	474	85.161	511
85.185	465	85.211	518
85.236	457	85.262	524
85.286	450	85.312	530
85.338	444	85.363	536
85.388	438	85.413	540
85.439	434	85.465	544
85.489	431	85.515	547
85.540	431	85.566	546
85.591	431	85.616	546
85.642	434	85.667	542
85.692	438	85.718	539
85.743	444	85.769	535
85.793	450	85.819	529
85.845	457	85.870	523
85.895	465	85.920	517
85.946	473	85.972	511
85.996	480	86.022	505
86.047	486	86.073	500
86.097	490	86.123	497
86.149	493	86.174	494
86.199	496	86.224	493
86.250	495	86.276	493
86.300	494	86.326	495
86.351	490	86.377	498
86.402	485	86.427	503
86.453	478	86.478	508
86.503	471	86.529	513
86.554	464	86.580	520
86.604	457	86.630	526
86.656	450	86.681	532
86.706	443	86.731	537
86.757	438	86.783	541
86.807	434	86.833	544
86.858	432	86.884	545
86.909	432	86.934	545
86.960	432	86.985	545
87.010	436	87.035	542
87.061	439	87.087	537
87.111	445	87.137	532
87.162	453	87.188	527
87.213	459	87.238	521
87.264	466	87.289	515
87.314	474	87.340	509
87.365	480	87.391	504
87.415	486	87.441	499
87.467	490	87.492	497
87.517	493	87.542	495
87.568	495	87.594	494
87.618	495	87.644	495
87.669	492	87.695	497
87.720	488	87.745	500
87.771	484	87.796	505
87.821	477	87.846	510
87.872	471	87.898	515
87.922	463	87.948	522
87.973	456	87.999	527
88.024	449	88.049	534
88.075	443	88.100	537
88.126	438	88.151	542
88.176	435	88.202	543
88.227	432	88.252	544
88.278	432	88.303	544
88.329	433	88.353	542
88.379	437	88.405	539
88.430	441	88.455	535
88.480	448	88.506	531
88.532	453	88.556	525
88.582	460	88.607	519
88.633	469	88.657	514
88.683	475	88.709	508
88.734	481	88.759	504
88.784	486	88.810	500
88.836	491	88.860	497
88.886	493	88.911	495
88.937	494	88.962	495
88.987	493	89.013	497
89.038	490	89.063	498
89.089	487	89.114	502
89.140	481	89.164	506
89.190	476	89.216	511
89.241	468	89.266	517
89.291	462	89.317	523
89.343	454	89.367	529
89.393	448	89.418	533
89.444	443	89.469	537
89.494	438	89.520	541
89.545	434	89.570	542
89.595	433	89.621	544
89.647	433	89.671	542
89.697	435	89.722	541
89.748	438	89.773	537
89.798	444	89.824	533
89.849	449	89.874	529
89.900	455	89.925	523
89.951	462	89.975	518
90.001	469	90.027	513
90.052	476	90.077	508
90.102	481	90.128	503
90.154	486	90.178	500
90.204	490	90.229	497
90.255	492	90.280	496
90.305	493	90.331	496
90.356	492	90.381	498
90.406	489	90.432	500
90.458	486	90.482	504
90.508	480	90.533	509
90.559	473	90.584	513
90.609	467	90.635	519
90.660	459	90.685	524
90.711	453	90.736	529
90.762	448	90.786	534
90.812	442	90.838	538
90.863	438	90.888	540
90.913	435	90.939	542
90.965	434	90.989	542
91.015	434	91.040	542
91.066	436	91.091	539
91.116	440	91.142	536
91.167	444	91.193	532
91.217	451	91.243	527
91.269	456	91.294	522
91.319	463	91.344	517
91.370	471	91.396	511
91.420	476	91.446	507
91.471	482	91.497	503
91.522	486	91.547	499
91.573	490	91.598	499
91.623	491	91.649	497
91.674	491	91.700	497
91.724	490	91.750	499
91.776	488	91.801	502
91.826	484	91.851	506
91.877	478	91.903	510
91.927	473	91.953	514
91.978	466	92.004	521
92.029	459	92.054	525
92.080	453	92.105	531
92.130	447	92.155	534
92.181	441	92.207	538
92.231	438	92.257	541
92.282	436	92.308	542
92.333	435	92.358	541
92.384	436	92.409	541
92.434	438	92.460	538
92.485	441	92.511	535
92.535	446	92.561	530
92.587	452	92.612	526
92.637	458	92.662	521
92.688	464	92.714	516
92.738	471	92.764	511
92.789	477	92.815	506
92.840	483	92.865	502
92.891	486	92.916	500
92.941	489	92.966	498
92.992	491	93.018	498
93.042	490	93.068	498
93.093	489	93.119	500
93.144	485	93.169	503
93.195	482	93.220	507
93.245	477	93.271	511
93.296	471	93.322	517
93.346	465	93.372	522
93.398	458	93.423	527
93.448	452	93.473	531
93.499	447	93.525	535
93.549	442	93.575	539
93.600	439	93.626	540
93.651	438	93.676	541
93.702	437	93.727	541
93.752	437	93.777	539
93.803	440	93.829	537
93.853	443	93.879	533
93.904	448	93.930	530
93.955	453	93.980	524
94.006	459	94.031	519
94.056	466	94.082	514
94.107	472	94.133	510
94.157	477	94.183	505
94.209	482	94.234	502
94.259	486	94.284	499
94.310	489	94.336	498
94.360	490	94.386	498
94.411	490	94.437	499
94.462	487	94.487	501
94.513	484	94.538	505
94.563	480	94.589	509
94.614	475	94.640	513
94.664	469	94.690	519
94.715	463	94.741	524
94.766	457	94.791	528
94.817	451	94.842	532
94.868	446	94.893	536
94.918	443	94.944	538
94.969	439	94.994	540
95.020	438	95.045	541
95.071	437	95.095	540
95.121	439	95.147	538
95.172	441	95.197	535
95.222	445	95.248	532
95.274	449	95.298	527
95.324	455	95.349	523
95.375	461	95.400	518
95.425	466	95.451	513
95.476	473	95.501	508
95.526	478	95.552	505
95.578	482	95.602	502
95.628	485	95.653	499
95.679	487	95.704	500
95.729	488	95.755	499
95.780	488	95.805	501
95.831	486	95.856	504
95.882	483	95.906	507
95.932	478	95.958	510
95.983	473	96.008	515
96.033	468	96.059	520
96.085	461	96.109	525
96.135	456	96.160	529
96.186	451	96.211	533
96.236	447	96.262	536
96.287	443	96.312	538
96.337	440	96.363	540
96.389	438	96.413	539
96.439	439	96.464	539
96.490	440	96.515	537
96.540	442	96.566	534
96.591	447	96.616	530
96.642	451	96.667	526
96.693	457	96.717	522
96.743	462	96.769	516
96.794	468	96.819	512
96.844	473	96.870	508
96.896	478	96.920	504
96.946	482	96.971	502
96.997	485	97.022	500
97.047	486	97.073	500
97.098	487	97.123	500
97.149	487	97.174	502
97.200	484	97.224	505
97.250	480	97.275	508
97.301	477	97.326	512
97.351	472	97.377	516
97.402	466	97.427	521
97.453	461	97.478	526
97.504	455	97.528	530
97.554	450	97.580	533
97.605	446	97.630	536
97.655	443	97.681	538
97.707	441	97.731	539
97.757	440	97.782	539
97.808	440	97.833	538
97.858	442	97.884	536
97.909	444	97.935	532
97.960	448	97.985	529
98.011	453	98.036	524
98.061	458	98.086	520
98.112	463	98.138	516
98.162	469	98.188	511
98.213	474	98.239	507
98.264	478	98.289	505
98.315	482	98.340	502
98.365	484	98.391	501
98.416	485	98.442	501
98.466	486	98.492	502
98.518	484	98.543	503
98.568	482	98.593	506
98.619	479	98.645	509
98.669	475	98.695	513
98.720	470	98.746	518
98.771	465	98.796	522
98.822	460	98.847	526
98.872	455	98.897	531
98.923	450	98.949	534
98.973	446	98.999	537
99.024	443	99.050	537
99.075	442	99.100	538
99.126	441	99.151	538
99.176	442	99.202	536
99.227	443	99.253	534
99.277	446	99.303	531
99.329	450	99.354	528
99.379	454	99.404	523
99.430	459	99.456	519
99.480	464	99.506	515
99.531	469	99.557	511
99.582	474	99.607	507
99.633	478	99.658	504
99.683	482	99.709	502
99.734	483	99.760	501
99.784	485	99.810	502
99.835	484	99.861	502
99.886	483	99.911	504
99.937	480	99.962	507
99.987	478	100.013	510
100.038	473	100.064	514
100.088	469	100.114	518
100.140	464	100.165	523
100.190	459	100.215	527
100.241	454	100.267	531
100.291	450	100.317	534
100.342	446	100.368	535
100.393	444	100.418	538
100.444	442	100.469	538
100.494	441	100.520	537
100.545	443	100.571	535
100.595	446	100.621	533
100.646	448	100.672	530
100.697	452	100.722	527
100.748	456	100.773	522
100.798	460	100.824	518
100.849	465	100.875	514
100.899	470	100.925	510
100.951	474	100.976	506
101.001	478	101.026	504
101.052	481	101.078	502
101.102	483	101.128	501
101.153	483	101.179	502
101.204	483	101.229	503
101.255	482	101.280	505
101.305	479	101.331	508
101.356	476	101.382	511
101.406	471	101.432	515
101.457	467	101.483	521
101.508	463	101.533	523
101.559	457	101.584	528
101.609	454	101.635	531
101.660	450	101.686	534
101.710	446	101.736	536
101.762	445	101.787	537
101.812	443	101.837	537
101.863	443	101.889	537
101.913	445	101.939	535
101.964	447	101.990	532
102.015	449	102.040	529
102.066	454	102.091	525
102.116	458	102.142	521
102.167	462	102.193	517
102.217	467	102.243	514
102.269	471	102.294	509
102.319	475	102.344	506
102.370	478	102.395	504
102.420	481	102.446	503
102.471	482	102.497	502
102.521	483	102.547	502
102.573	481	102.598	504
102.623	480	102.648	506
102.674	477	102.700	509
102.724	473	102.750	512
102.775	470	102.801	517
102.826	465	102.851	521
102.877	461	102.902	524
102.927	457	102.953	528
102.978	453	103.004	532
103.028	449	103.054	535
103.080	447	103.105	536
103.130	445	103.155	538
103.181	444	103.206	536
103.231	444	103.257	535
103.282	446	103.308	533
103.332	448	103.358	531
103.384	451	103.409	528
103.434	455	103.459	524
103.485	459	103.511	520
103.535	463	103.561	516
103.586	467	103.612	513
103.637	471	103.662	509
103.688	475	103.713	506
103.738	478	103.764	504
103.789	480	103.815	503
103.839	481	103.865	503
103.891	481	103.916	504
103.941	480	103.966	505
103.992	478	104.017	507
104.042	476	104.068	511
104.093	472	104.119	514
104.143	468	104.169	517
104.195	465	104.220	521
104.245	460	104.270	525
104.296	456	104.322	529
104.346	453	104.372	531
104.397	450	104.423	534
104.448	447	104.473	535
104.499	446	104.524	536
104.549	446	104.575	536
104.600	446	104.626	535
104.650	448	104.676	533
104.702	450	104.727	529
104.752	453	104.777	527
104.803	457	104.829	523
104.853	461	104.879	519
104.904	464	104.930	515
104.954	469	104.980	513
105.006	472	105.031	509
105.056	476	105.081	507
105.107	478	105.133	505
105.157	480	105.183	504
105.208	480	105.234	503
105.259	481	105.284	504
105.310	479	105.335	506
105.360	477	105.386	508
105.411	475	105.437	512
105.461	471	105.487	515
105.513	467	105.538	519
105.563	464	105.588	522
105.614	459	105.640	526
105.664	455	105.690	529
105.715	452	105.741	531
105.765	449	105.791	533
105.817	448	105.842	535
105.867	447	105.892	536
105.918	446	105.944	534
105.968	447	105.994	533
106.019	449	106.045	532
106.070	451	106.095	529
106.121	454	106.146	526
106.171	458	106.197	523
106.222	462	106.248	519
106.272	465	106.298	515
106.324	469	106.349	512
106.374	473	106.399	509
106.425	476	106.451	507
106.475	478	106.501	505
106.526	479	106.552	505
106.576	479	106.602	505
106.628	479	106.653	505
106.678	477	106.703	507
106.729	475	106.755	510
106.779	473	106.805	513
106.830	470	106.856	516
106.881	465	106.906	519
106.932	462	106.957	523
106.982	458	107.008	526
107.033	455	107.059	529
107.083	452	107.109	531
107.135	450	107.160	533
107.185	448	107.210	534
107.236	448	107.262	535
107.286	448	107.312	534
107.337	450	107.363	534
107.387	451	107.413	530
107.439	453	107.464	528
107.490	456	107.514	525
107.540	460	107.566	522
107.591	463	107.616	518
107.641	467	107.667	514
107.693	470	107.717	512
107.743	473	107.768	509
107.794	476	107.819	507
107.844	477	107.870	506
107.895	479	107.920	504
107.946	479	107.971	505
107.997	477	108.021	506
108.047	476	108.073	508
108.098	474	108.123	510
108.148	471	108.174	513
108.200	467	108.224	517
108.250	464	108.275	520
108.301	460	108.325	523
108.351	457	108.377	527
108.402	454	108.427	529
108.452	452	108.478	532
108.504	450	108.528	533
108.554	449	108.579	533
108.605	448	108.630	533
108.655	449	108.681	532
108.706	450	108.731	532
108.757	452	108.782	530
108.808	455	108.832	527
108.858	458	108.884	524
108.909	461	108.934	521
108.959	464	108.985	517
109.011	468	109.035	514
109.061	471	109.086	511
109.112	474	109.136	509
109.162	475	109.188	507
109.213	477	109.238	506
109.263	478	109.289	505
109.315	477	109.339	507
109.365	477	109.390	508
109.416	475	109.441	509
109.466	472	109.492	511
109.517	470	109.542	515
109.568	466	109.593	517
109.619	463	109.643	522
109.669	460	109.695	524
109.720	457	109.745	527
109.770	454	109.796	529
109.822	452	109.846	531
109.872	450	109.897	532
109.923	449	109.947	533
109.973	449	109.999	533
110.024	450	110.049	532
110.074	452	110.100	530
110.126	453	110.150	528
110.176	456	110.201	526
110.227	460	110.252	523
110.277	462	110.303	519
110.328	466	110.353	516
110.379	468	110.404	514
110.430	471	110.455	511
110.480	473	110.506	509
110.531	476	110.557	508
110.581	476	110.607	507
110.633	477	110.658	506
110.683	476	110.708	507
110.734	475	110.760	509
110.784	473	110.810	511
110.835	471	110.861	512
110.885	468	110.911	515
110.937	465	110.962	518
110.987	462	111.012	522
111.038	459	111.064	524
111.088	456	111.114	527
111.139	455	111.165	529
111.190	452	111.215	531
111.241	451	111.266	531
111.291	450	111.317	532
111.342	450	111.368	532
111.392	451	111.418	530
111.444	452	111.469	530
111.494	455	111.519	527
111.545	457	111.571	525
111.595	460	111.621	522
111.646	463	111.672	519
111.696	466	111.722	516
111.748	469	111.773	513
111.798	472	111.823	511
111.849	474	111.875	510
111.899	475	111.925	509
111.950	476	111.976	507
112.001	476	112.026	508
112.052	475	112.077	508
112.102	473	112.128	510
112.153	472	112.179	512
112.203	469	112.229	513
112.255	467	112.280	517
112.305	464	112.330	520
112.356	461	112.382	522
112.406	459	112.432	525
112.457	455	112.483	527
112.507	453	112.533	530
112.559	451	112.584	530
112.609	450	112.634	531
112.660	450	112.686	531
112.710	450	112.736	531
112.761	452	112.787	530
112.812	453	112.837	528
112.863	456	112.888	526
112.913	458	112.939	523
112.964	461	112.990	521
113.014	464	113.040	519
113.066	468	113.091	516
113.116	470	113.141	514
113.167	473	113.193	512
113.217	473	113.243	510
113.268	475	113.294	509
113.318	475	113.344	510
113.370	475	113.395	509
113.420	475	113.445	510
113.471	473	113.497	511
113.521	471	113.547	513
113.572	468	113.598	515
113.623	466	113.648	518
113.674	463	113.699	520
113.725	460	113.750	522
113.775	458	113.801	525
113.826	455	113.851	527
113.877	453	113.902	528
113.928	452	113.952	529
113.978	451	114.004	530
114.029	452	114.054	530
114.079	452	114.105	530
114.131	453	114.155	528
114.181	454	114.206	528
114.232	457	114.256	525
114.282	460	114.308	523
114.333	463	114.358	520
114.383	465	114.409	518
114.435	468	114.459	516
114.485	470	114.510	514
114.536	472	114.561	512
114.586	474	114.612	510
114.637	475	114.662	509
114.688	475	114.713	509
114.739	474	114.763	510
114.789	473	114.815	511
114.840	471	114.865	512
114.890	470	114.916	514
114.942	467	114.966	516
114.992	464	115.017	518
115.043	462	115.067	521
115.093	460	115.119	523
115.144	457	115.169	525
115.194	455	115.220	526
115.246	453	115.270	528
115.296	452	115.321	529
115.347	452	115.372	530
115.397	452	115.423	530
115.448	453	115.473	528
115.499	454	115.524	527
115.550	455	115.574	526
115.600	458	115.626	524
115.651	461	115.676	523
115.701	463	115.727	520
115.753	465	115.777	517
115.803	468	115.828	516
115.854	471	115.878	514
115.904	472	115.930	512
115.955	473	115.980	512
116.005	474	116.031	511
116.057	474	116.081	511
116.107	473	116.132	511
116.158	472	116.183	512
116.208	471	116.234	513
116.259	468	116.284	515
116.310	466	116.335	517
116.361	463	116.385	519
116.411	461	116.437	521
116.462	459	116.487	524
116.512	457	116.538	525
116.564	455	116.588	527
116.614	453	116.639	528
116.665	454	116.689	528
116.715	452	116.741	528
116.766	453	116.792	529
116.816	453	116.842	528
116.868	456	116.893	527
116.918	457	116.943	525
116.969	460	116.995	523
117.019	461	117.045	521
117.070	464	117.096	519
117.121	466	117.146	517
117.172	469	117.197	516
117.222	470	117.248	513
117.273	472	117.299	512
117.323	473	117.349	512
117.375	473	117.400	511
117.425	473	117.450	512
117.476	472	117.502	512
117.526	471	117.552	514
117.577	470	117.603	514
117.627	467	117.653	517
117.679	465	117.704	519
117.729	463	117.754	520
117.780	461	117.806	522
117.830	459	117.856	524
117.881	456	117.907	526
117.932	455	117.957	527
117.983	453	118.008	527
118.033	453	118.059	528
118.084	453	118.110	528
118.134	454	118.160	527
118.186	454	118.211	526
118.236	456	118.261	525
118.287	458	118.313	524
118.337	460	118.363	522
118.388	462	118.414	520
118.438	464	118.464	518
118.490	467	118.515	516
118.540	469	118.565	515
118.591	470	118.617	514
118.641	472	118.667	513
118.692	472	118.718	512
118.743	473	118.768	513
118.794	472	118.819	513
118.844	472	118.870	514
118.895	470	118.921	514
118.945	469	118.971	516
118.997	467	119.022	517
119.047	464	119.072	519
119.098	463	119.124	521
119.148	460	119.174	522
119.199	458	119.225	524
119.249	457	119.275	525
119.301	455	119.326	526
119.351	454	119.376	527
119.402	454	119.428	526
119.452	454	119.478	527
119.503	454	119.529	526
119.554	455	119.579	525
119.605	457	119.630	524
119.655	459	119.681	523
119.706	461	119.732	521
119.756	464	119.782	519
119.808	465	119.833	518
119.858	467	119.883	517
119.909	469	119.935	515
119.959	471	119.985	514
120.010	471	120.036	513
120.061	472	120.086	514
120.112	472	120.137	513
120.162	471	120.187	513
120.213	471	120.239	515
120.263	469	120.289	515
120.314	468	120.340	517
120.365	466	120.390	518
120.416	464	120.441	520
120.466	462	120.492	521
120.517	459	120.543	523
120.567	458	120.593	524
120.619	457	120.644	525
120.669	455	120.694	526
120.720	455	120.746	526
120.770	455	120.796	526
120.821	455	120.847	526
120.872	456	120.897	525
120.923	455	120.948	524
120.973	458	120.998	524
121.024	460	121.050	521
121.074	462	121.100	521
121.125	464	121.151	519
121.176	466	121.201	517
121.227	468	121.252	517
121.278	469	121.303	515
121.328	470	121.354	514
121.379	471	121.404	514
121.430	471	121.455	515
121.481	471	121.505	514
121.531	470	121.557	515
121.582	470	121.607	516
121.632	468	121.658	516
121.684	467	121.708	518
121.734	465	121.759	519
121.785	464	121.809	521
121.835	461	121.861	522
121.886	459	121.911	523
121.936	458	121.962	525
121.988	456	122.012	525
122.038	456	122.063	525
122.089	455	122.114	525
122.139	455	122.165	525
122.190	455	122.215	525
122.241	455	122.266	525
122.292	458	122.316	523
122.342	459	122.368	522
122.393	461	122.418	521
122.443	462	122.469	519
122.495	464	122.519	519
122.545	466	122.570	518
122.596	467	122.621	517
122.646	468	122.672	515
122.697	470	122.722	516
122.747	470	122.773	515
122.799	471	122.823	515
122.849	471	122.874	515
122.900	470	122.925	516
122.950	469	122.976	516
123.001	468	123.026	518
123.052	466	123.077	519
123.103	464	123.127	520
123.153	463	123.179	521
123.204	460	123.229	523
123.254	459	123.280	523
123.306	458	123.330	524
123.356	457	123.381	526
123.407	456	123.432	525
123.457	456	123.483	525
123.508	456	123.533	524
123.558	456	123.584	524
123.610	457	123.634	524
123.660	458	123.685	523
123.711	460	123.736	522
123.761	461	123.787	520
123.812	463	123.837	519
123.863	465	123.888	518
123.914	466	123.938	517
123.964	467	123.990	515
124.015	469	124.040	516
124.065	470	124.091	515
124.117	470	124.141	515
124.167	470	124.192	516
124.218	470	124.243	516
124.268	468	124.294	517
124.319	468	124.345	517
124.369	466	124.395	519
124.421	465	124.446	520
124.471	464	124.496	521
124.522	462	124.548	522
124.572	460	124.598	522
124.623	459	124.649	523
124.674	458	124.699	524
124.725	457	124.750	525
124.775	457	124.801	525
124.826	456	124.852	525
124.876	457	124.902	524
124.928	457	124.953	523
124.978	459	125.003	522
125.029	459	125.055	521
125.079	461	125.105	521
125.130	462	125.156	519
125.181	464	125.206	519
125.232	465	125.257	517
125.282	466	125.307	517
125.333	467	125.359	516
125.383	468	125.409	516
125.434	469	125.460	516
125.485	469	125.510	516
125.536	469	125.561	516
125.586	469	125.612	517
125.637	468	125.663	517
125.687	467	125.713	519
125.739	466	125.764	519
125.789	465	125.814	520
125.840	463	125.866	521
125.890	461	125.916	522
125.941	460	125.967	523
125.992	459	126.017	524
126.043	459	126.068	525
126.093	457	126.118	524
126.144	457	126.170	524
126.194	458	126.220	524
126.245	458	126.271	523
126.296	458	126.321	522
126.347	459	126.372	522
126.397	460	126.423	521
126.448	461	126.474	520
126.498	463	126.524	519
126.550	463	126.575	518
126.600	465	126.625	519
126.651	467	126.677	517
126.701	467	126.727	516
126.752	468	126.778	516
126.803	469	126.828	517
126.854	468	126.879	517
126.904	468	126.929	517
126.955	467	126.981	518
127.005	467	127.031	519
127.056	466	127.082	519
127.107	465	127.132	520
127.158	463	127.183	522
127.208	463	127.234	523
127.259	461	127.285	523
127.309	460	127.335	523
127.361	459	127.386	523
127.411	459	127.436	523
127.462	458	127.488	523
127.512	459	127.538	523
127.563	458	127.589	523
127.614	458	127.639	522
127.665	459	127.690	522
127.715	460	127.741	521
127.766	461	127.792	520
127.816	462	127.842	520
127.867	464	127.893	518
127.918	464	127.943	518
127.969	466	127.994	519
128.020	466	128.045	517
128.070	467	128.096	517
128.121	468	128.146	517
128.172	467	128.197	517
128.223	468	128.247	518
128.273	467	128.299	518
128.324	467	128.349	519
128.374	466	128.400	520
128.426	465	128.450	520
128.476	464	128.501	521
128.527	463	128.552	522
128.577	462	128.603	522
128.628	461	128.653	523
128.678	460	128.704	523
128.730	459	128.754	523
128.780	458	128.805	523
128.831	459	128.856	523
128.881	458	128.907	522
128.932	459	128.957	522
128.983	459	129.008	521
129.034	460	129.058	520
129.084	461	129.110	520
129.135	462	129.160	520
129.185	463	129.211	519
129.237	464	129.261	518
129.287	465	129.312	518
129.338	465	129.363	517
129.388	466	129.414	518
129.439	467	129.464	517
129.489	467	129.515	517
129.541	467	129.565	517
129.591	467	129.616	519
129.642	466	129.667	519
129.692	466	129.718	519
129.743	465	129.768	520
129.794	464	129.819	521
129.845	463	129.869	521
129.895	462	129.921	522
129.946	461	129.971	522
129.996	461	130.022	522
130.048	460	130.072	523
130.098	460	130.123	523
130.149	459	130.174	523
130.199	459	130.225	523
130.250	460	130.275	523
130.301	460	130.326	522
130.352	460	130.376	521
130.402	461	130.427	520
130.453	461	130.478	519
130.503	463	130.529	520
130.554	464	130.579	519
130.605	464	130.630	518
130.656	465	130.680	518
130.706	466	130.732	518
130.757	466	130.782	517
130.807	466	130.833	518
130.859	467	130.883	518
130.909	466	130.934	518
130.960	466	130.985	519
131.010	466	131.036	519
131.061	465	131.087	520
131.112	464	131.137	521
131.163	463	131.188	521
131.213	463	131.238	521
131.264	462	131.290	522
131.314	461	131.340	522
131.365	461	131.391	523
131.416	460	131.441	523
131.467	460	131.492	523
131.517	459	131.543	522
131.568	460	131.594	522
131.618	460	131.644	521
131.670	461	131.695	521
131.720	461	131.745	521
131.771	462	131.797	520
131.821	462	131.847	519
131.872	464	131.898	519
131.923	464	131.948	518
131.974	465	131.999	518
132.024	465	132.049	518
132.075	465	132.101	518
132.125	465	132.151	518
132.176	466	132.202	518
132.227	466	132.252	519
132.278	466	132.303	519
132.328	466	132.354	519
132.379	465	132.405	520
132.429	465	132.455	520
132.481	464	132.506	521
132.531	463	132.556	522
132.582	462	132.608	521
132.632	461	132.658	523
132.683	461	132.709	522
132.734	461	132.759	522
132.785	461	132.810	522
132.835	461	132.861	522
132.886	460	132.912	521
132.936	460	132.962	521
132.987	461	133.013	521
133.038	461	133.063	520
133.089	462	133.114	519
133.139	462	133.165	520
133.190	463	133.216	519
133.240	463	133.266	519
133.292	464	133.317	518
133.342	465	133.367	518
133.393	465	133.419	519
133.443	466	133.469	519
133.494	465	133.520	518
133.545	465	133.570	519
133.596	465	133.621	520
133.646	465	133.672	519
133.697	465	133.723	520
133.747	464	133.773	521
133.798	464	133.824	521
133.849	463	133.874	521
133.900	463	133.925	522
133.950	462	133.976	522
134.001	462	134.027	522
134.051	461	134.077	522
134.103	461	134.128	522
134.153	461	134.178	522
134.204	461	134.230	521
134.254	461	134.280	521
134.305	461	134.331	521
134.356	461	134.381	520
134.407	462	134.432	520
134.457	462	134.483	519
134.508	463	134.534	519
134.558	463	134.584	519
134.609	464	134.635	519
134.660	464	134.685	519
134.711	464	134.736	518
134.761	465	134.787	519
134.812	465	134.838	519
134.862	465	134.888	520
134.914	465	134.939	520
134.964	465	134.989	520
135.015	464	135.041	520
135.065	464	135.091	521
135.116	464	135.142	521
135.167	463	135.192	521
135.218	463	135.243	522
135.268	462	135.294	522
135.319	462	135.345	522
135.369	461	135.395	521
135.421	461	135.446	521
135.471	460	135.496	522
135.522	461	135.547	521
135.572	461	135.598	521
135.623	461	135.649	520
135.673	462	135.699	520
135.725	461	135.750	520
135.775	462	135.800	519
135.826	463	135.852	520
135.876	464	135.902	519
135.927	464	135.953	519
135.978	464	136.003	519
136.029	465	136.054	519
136.079	464	136.105	519
136.130	466	136.156	518
136.180	465	136.206	519
136.232	464	136.257	520
136.282	465	136.307	520
136.333	465	136.358	521
136.383	464	136.409	521
136.434	464	136.460	522
136.484	463	136.510	521
136.536	463	136.561	521
136.586	463	136.611	521
136.637	462	136.663	521
136.687	461	136.713	521
136.738	461	136.764	521
136.789	462	136.814	521
136.840	461	136.865	521
136.890	462	136.916	520
136.941	461	136.967	520
136.991	462	137.017	520
137.043	463	137.068	519
137.093	462	137.118	520
137.144	463	137.169	519
137.194	464	137.220	520
137.245	463	137.271	519
137.295	464	137.321	519
137.347	464	137.372	519
137.397	465	137.422	519
137.448	464	137.474	520
137.498	465	137.524	520
137.549	465	137.575	520
137.600	464	137.625	520
137.651	464	137.676	520
137.701	464	137.727	521
137.752	463	137.778	521
137.802	464	137.828	521
137.854	463	137.879	521
137.904	463	137.929	521
137.955	462	137.981	521
138.005	461	138.031	521
138.056	462	138.082	521
138.106	461	138.132	521
138.158	462	138.183	521
138.208	461	138.233	520
138.259	461	138.285	520
138.309	462	138.335	520
138.360	462	138.386	519
138.411	462	138.436	519
138.462	463	138.487	519
138.512	463	138.538	519
138.563	463	138.589	519
138.613	464	138.639	520
138.665	464	138.690	519
138.715	464	138.740	520
138.766	464	138.792	520
138.816	465	138.842	521
138.867	464	138.893	520
138.917	464	138.943	520
138.969	464	138.994	520
139.019	464	139.044	521
139.070	463	139.096	521
139.120	463	139.146	521
139.171	463	139.197	521
139.222	462	139.247	521
139.273	462	139.298	521
139.323	462	139.349	521
139.374	462	139.400	521
139.424	462	139.450	521
139.476	462	139.501	521
139.526	461	139.551	521
139.577	461	139.603	520
139.627	462	139.653	520
139.678	462	139.704	520
139.728	463	139.754	520
139.780	464	139.805	520
139.830	463	139.855	519
139.881	463	139.907	520
139.931	464	139.957	519
139.982	464	140.008	519
140.034	464	140.058	519
140.084	464	140.109	520
140.135	464	140.160	520
140.185	464	140.211	521
140.236	464	140.261	520
140.287	464	140.312	521
140.338	464	140.362	521
140.388	463	140.414	521
140.439	464	140.464	521
140.489	463	140.515	521
140.541	463	140.565	521
140.591	463	140.616	521
140.642	463	140.666	521
140.692	462	140.718	522
140.743	462	140.768	521
140.793	462	140.819	521
140.845	462	140.869	521
140.895	462	140.920	520
140.946	462	140.971	520
140.996	462	141.022	520
141.047	463	141.072	519
141.098	463	141.123	519
141.149	463	141.173	519
141.199	464	141.225	519
141.250	463	141.275	519
141.300	464	141.326	519
141.352	464	141.376	520
141.402	464	141.427	520
141.453	464	141.477	520
141.503	464	141.529	520
141.554	464	141.579	520
141.604	464	141.630	521
141.656	463	141.680	521
141.706	463	141.731	522
141.757	463	141.782	521
141.807	463	141.833	522
141.858	463	141.883	521
141.909	463	141.934	520
141.960	462	141.984	521
142.010	462	142.036	521
142.061	463	142.086	521
142.111	462	142.137	520
142.163	462	142.187	521
142.213	462	142.238	520
142.264	462	142.288	520
142.314	462	142.340	520
142.365	463	142.390	520
142.415	463	142.441	519
142.467	463	142.491	520
142.517	464	142.542	520
142.568	463	142.593	520
142.618	463	142.644	520
142.669	464	142.694	520
142.720	464	142.745	521
142.771	464	142.795	521
142.821	463	142.847	521
142.872	464	142.897	521
142.922	463	142.948	521
142.974	464	142.998	521
143.024	463	143.049	521
143.075	463	143.099	521
143.125	463	143.151	522
143.176	464	143.202	522
143.226	463	143.252	521
143.278	463	143.303	521
143.328	462	143.353	521
143.379	463	143.405	521
143.429	463	143.455	520
143.480	462	143.506	520
143.531	462	143.556	520
143.582	462	143.607	520
143.632	462	143.658	520
143.683	462	143.709	520
143.733	463	143.759	520
143.785	462	143.810	520
143.835	464	143.860	520
143.886	463	143.912	520
143.936	464	143.962	520
143.987	464	144.013	520
144.037	464	144.063	520
144.089	464	144.114	521
144.139	464	144.164	521
144.190	464	144.216	521
144.240	464	144.266	521
144.291	463	144.317	521
144.342	464	144.367	521
144.393	463	144.418	521
144.443	462	144.469	521
144.494	463	144.520	521
144.544	463	144.570	520
144.596	463	144.621	521
144.646	462	144.671	520
144.697	462	144.723	520
144.747	463	144.773	520
144.798	462	144.824	520
