#Creator: pendulumviewEventBuffer
#Creation time: Thu Mar 24 12:07:43 2022
#Time A	Pos A	Time B	Pos B
#[s]	[au]	[s]	[au]
0.025	401	0.050	527
0.076	401	0.102	528
0.126	402	0.152	529
0.177	401	0.203	529
0.227	403	0.253	529
0.279	401	0.304	529
0.329	401	0.354	530
0.380	401	0.406	528
0.430	401	0.456	528
0.481	401	0.507	527
0.532	400	0.557	527
0.583	400	0.608	525
0.633	399	0.659	526
0.684	399	0.710	525
0.734	398	0.760	524
0.786	398	0.811	523
0.836	398	0.861	523
0.887	398	0.913	522
0.937	398	0.963	522
0.988	399	1.014	519
1.038	398	1.064	514
1.090	399	1.115	508
1.140	399	1.165	501
1.191	399	1.217	492
1.241	399	1.267	484
1.292	399	1.318	476
1.343	399	1.368	469
1.394	400	1.419	464
1.444	398	1.470	456
1.495	398	1.521	450
1.545	398	1.571	445
1.597	398	1.622	441
1.647	397	1.672	436
1.698	396	1.724	432
1.748	395	1.774	432
1.799	395	1.825	429
1.849	393	1.875	427
1.901	393	1.926	426
1.951	393	1.976	424
2.002	392	2.028	424
2.052	392	2.078	422
2.103	392	2.129	422
2.154	392	2.179	422
2.205	392	2.230	423
2.255	392	2.281	422
2.306	394	2.332	422
2.356	393	2.382	422
2.408	394	2.433	423
2.458	395	2.483	423
2.509	396	2.535	424
2.559	397	2.585	421
2.610	397	2.636	422
2.660	398	2.686	419
2.712	397	2.737	421
2.762	398	2.787	422
2.813	398	2.839	422
2.863	398	2.889	422
2.914	397	2.940	422
2.965	397	2.990	422
3.016	396	3.041	423
3.067	396	3.092	422
3.117	396	3.143	420
3.168	395	3.193	422
3.219	394	3.244	423
3.270	393	3.294	423
3.320	393	3.346	423
3.371	393	3.396	422
3.421	393	3.447	422
3.473	392	3.497	420
3.523	393	3.548	423
3.574	393	3.598	421
3.624	393	3.650	423
3.675	394	3.700	421
3.725	394	3.751	422
3.777	395	3.801	424
3.827	395	3.852	423
3.878	397	3.903	420
3.928	397	3.954	419
3.979	398	4.004	421
4.030	397	4.055	417
4.081	398	4.105	418
4.131	398	4.157	421
4.182	396	4.207	422
4.232	397	4.258	424
4.284	396	4.308	426
4.334	397	4.359	428
4.385	396	4.409	429
4.435	396	4.461	430
4.486	394	4.511	428
4.536	393	4.562	427
4.588	395	4.612	426
4.638	394	4.663	425
4.689	393	4.714	424
4.739	393	4.765	423
4.790	394	4.815	424
4.841	394	4.866	423
4.892	394	4.916	423
4.942	393	4.968	421
4.993	395	5.018	420
5.043	394	5.069	420
5.095	395	5.119	419
5.145	395	5.170	420
5.196	397	5.220	421
5.246	397	5.272	422
5.297	397	5.322	422
5.347	396	5.373	422
5.399	397	5.423	423
5.449	398	5.474	421
5.500	398	5.525	422
5.550	397	5.576	423
5.601	396	5.626	419
5.652	395	5.677	421
5.703	395	5.727	420
5.753	395	5.779	421
5.804	396	5.829	422
5.854	395	5.880	423
5.906	394	5.930	422
5.956	394	5.981	421
6.007	394	6.032	422
6.057	394	6.083	428
6.108	394	6.134	438
6.158	394	6.184	454
6.210	395	6.235	474
6.260	396	6.285	496
6.311	395	6.337	518
6.361	396	6.387	543
6.412	397	6.438	565
6.463	399	6.488	586
6.514	400	6.539	604
6.564	402	6.590	617
6.615	403	6.641	624
6.665	406	6.691	628
6.717	408	6.742	626
6.767	410	6.792	618
6.818	411	6.844	607
6.868	412	6.894	590
6.919	413	6.945	571
6.969	413	6.995	549
7.021	413	7.046	525
7.071	412	7.096	501
7.122	411	7.148	479
7.172	408	7.198	460
7.223	405	7.249	444
7.274	402	7.299	433
7.325	399	7.350	426
7.375	395	7.401	424
7.426	392	7.452	428
7.476	389	7.502	437
7.528	385	7.553	450
7.578	383	7.603	468
7.629	382	7.655	488
7.679	380	7.705	510
7.730	382	7.756	534
7.780	383	7.806	556
7.832	385	7.857	577
7.882	389	7.907	596
7.933	392	7.959	611
7.983	397	8.009	620
8.034	402	8.060	624
8.085	407	8.110	625
8.136	413	8.161	619
8.186	417	8.212	609
8.237	422	8.263	594
8.287	425	8.313	576
8.339	426	8.364	556
8.389	428	8.414	533
8.440	426	8.466	511
8.490	425	8.516	489
8.541	422	8.567	469
8.592	417	8.617	452
8.643	412	8.668	440
8.693	406	8.718	431
8.744	399	8.770	428
8.794	392	8.820	430
8.845	385	8.871	436
8.896	379	8.921	448
8.947	374	8.972	464
8.998	371	9.023	483
9.048	368	9.074	503
9.099	368	9.124	525
9.150	369	9.175	548
9.201	371	9.225	568
9.251	376	9.277	587
9.302	381	9.327	601
9.352	389	9.378	613
9.404	397	9.428	619
9.454	405	9.479	622
9.505	414	9.529	618
9.555	421	9.581	609
9.606	428	9.631	597
9.656	434	9.682	581
9.708	439	9.732	562
9.758	440	9.783	541
9.809	442	9.834	519
9.859	440	9.885	498
9.910	436	9.935	479
9.961	429	9.986	461
10.012	422	10.036	448
10.062	414	10.088	438
10.113	403	10.138	434
10.163	394	10.189	433
10.215	384	10.239	439
10.265	375	10.290	448
10.316	368	10.340	461
10.366	362	10.392	478
10.417	357	10.442	497
10.467	355	10.493	518
10.519	356	10.543	538
10.569	358	10.594	559
10.620	364	10.645	577
10.670	371	10.696	592
10.721	380	10.746	604
10.772	389	10.797	612
10.823	400	10.847	615
10.873	412	10.899	613
10.924	422	10.949	607
10.974	433	11.000	597
11.026	442	11.050	583
11.076	448	11.101	567
11.127	452	11.152	547
11.177	454	11.203	527
11.228	452	11.253	507
11.278	449	11.304	488
11.330	442	11.354	471
11.380	434	11.405	457
11.431	423	11.456	448
11.481	411	11.507	441
11.532	398	11.557	439
11.583	386	11.608	442
11.634	374	11.658	449
11.684	363	11.710	461
11.735	354	11.760	475
11.785	348	11.811	492
11.837	345	11.861	511
11.887	344	11.912	530
11.938	346	11.963	549
11.988	351	12.014	568
12.039	359	12.065	583
12.089	368	12.115	594
12.141	381	12.166	604
12.191	394	12.216	608
12.242	408	12.268	609
12.292	423	12.318	605
12.343	435	12.369	596
12.394	446	12.419	584
12.445	455	12.470	570
12.495	462	12.521	553
12.546	465	12.572	534
12.596	465	12.622	515
12.648	462	12.673	498
12.698	455	12.723	481
12.749	445	12.775	467
12.799	433	12.825	457
12.850	420	12.876	450
12.900	405	12.926	447
12.952	390	12.977	448
13.002	375	13.027	453
13.053	362	13.079	462
13.103	350	13.129	474
13.154	341	13.180	489
13.205	336	13.230	505
13.256	333	13.281	524
13.306	334	13.332	541
13.357	339	13.383	558
13.407	347	13.433	573
13.459	358	13.484	584
13.509	371	13.534	594
13.560	387	13.586	598
13.610	402	13.636	602
13.661	419	13.687	598
13.712	434	13.737	592
13.763	448	13.788	583
13.813	460	13.838	571
13.864	469	13.890	556
13.914	474	13.940	540
13.965	476	13.991	523
14.016	474	14.041	507
14.067	467	14.092	492
14.117	458	14.143	478
14.168	445	14.194	467
14.218	430	14.244	459
14.270	413	14.295	456
14.320	396	14.345	456
14.371	379	14.397	459
14.421	363	14.447	466
14.472	348	14.498	475
14.523	337	14.548	488
14.574	329	14.599	502
14.624	325	14.649	517
14.675	324	14.701	533
14.725	328	14.751	548
14.776	336	14.802	562
14.827	347	14.852	575
14.878	361	14.903	583
14.929	377	14.954	589
14.979	396	15.005	592
15.030	414	15.055	591
15.081	432	15.106	587
15.132	449	15.156	579
15.182	463	15.208	569
15.233	474	15.258	557
15.283	481	15.309	544
15.335	484	15.359	529
15.385	483	15.410	514
15.436	478	15.460	501
15.486	469	15.512	488
15.537	456	15.562	479
15.587	440	15.613	471
15.639	422	15.663	466
15.689	403	15.714	464
15.740	383	15.765	466
15.790	365	15.816	471
15.841	348	15.866	479
15.892	335	15.917	489
15.943	324	15.967	500
15.993	319	16.019	514
16.044	317	16.069	526
16.094	319	16.120	541
16.146	326	16.170	552
16.196	337	16.221	563
16.247	351	16.272	572
16.297	369	16.323	578
16.348	387	16.373	582
16.398	408	16.424	582
16.450	427	16.474	580
16.500	447	16.525	574
16.551	463	16.576	567
16.601	477	16.627	557
16.652	486	16.677	546
16.703	491	16.728	533
16.754	492	16.778	522
16.804	488	16.830	510
16.855	479	16.880	499
16.905	466	16.931	489
16.957	450	16.981	482
17.007	431	17.032	477
17.058	411	17.083	476
17.108	390	17.134	475
17.159	369	17.184	478
17.209	351	17.235	484
17.261	335	17.285	491
17.311	323	17.336	500
17.362	315	17.387	511
17.412	311	17.438	522
17.463	312	17.488	533
17.514	318	17.539	544
17.565	327	17.589	554
17.615	342	17.641	561
17.666	359	17.691	567
17.716	380	17.742	571
17.768	400	17.792	572
17.818	421	17.843	571
17.869	442	17.894	568
17.919	461	17.945	562
17.970	476	17.996	555
18.020	488	18.046	547
18.072	495	18.097	536
18.122	497	18.147	527
18.173	495	18.199	517
18.223	488	18.249	507
18.274	476	18.300	500
18.325	460	18.350	493
18.376	441	18.401	488
18.426	420	18.452	485
18.477	398	18.503	484
18.527	376	18.553	487
18.579	356	18.604	490
18.629	338	18.654	496
18.680	324	18.706	502
18.730	313	18.756	510
18.781	307	18.807	519
18.832	307	18.857	527
18.883	311	18.908	536
18.933	320	18.958	544
18.984	333	19.010	550
19.034	350	19.060	556
19.085	370	19.111	560
19.136	392	19.161	562
19.187	414	19.212	562
19.237	436	19.263	559
19.288	457	19.314	555
19.338	474	19.364	551
19.390	488	19.415	544
19.440	497	19.465	537
19.491	501	19.517	530
19.541	500	19.567	523
19.592	494	19.618	515
19.643	483	19.668	509
19.694	469	19.719	504
19.744	451	19.769	499
19.795	429	19.821	497
19.845	407	19.871	495
19.896	384	19.922	496
19.947	362	19.972	498
19.998	343	20.023	502
20.048	326	20.074	506
20.099	314	20.125	511
20.149	306	20.175	517
20.201	304	20.226	524
20.251	306	20.276	530
20.302	314	20.328	536
20.352	326	20.378	540
20.403	342	20.429	545
20.454	362	20.479	548
20.505	383	20.530	550
20.555	406	20.580	551
20.606	430	20.632	550
20.656	451	20.682	548
20.707	470	20.733	545
20.758	485	20.783	541
20.809	496	20.834	537
20.859	503	20.885	532
20.910	504	20.936	527
20.960	500	20.986	522
21.012	490	21.037	517
21.062	476	21.087	514
21.113	459	21.139	510
21.163	438	21.189	508
21.214	416	21.240	506
21.265	392	21.290	506
21.316	370	21.341	507
21.366	349	21.392	509
21.417	331	21.443	512
21.467	318	21.493	515
21.518	308	21.544	518
21.569	304	21.594	521
21.620	304	21.645	525
21.671	310	21.696	530
21.721	321	21.747	533
21.772	335	21.797	536
21.823	353	21.848	537
21.874	375	21.898	539
21.924	398	21.950	540
21.975	422	22.000	540
22.025	444	22.051	539
22.077	464	22.101	537
22.127	481	22.152	536
22.178	493	22.203	534
22.228	502	22.254	531
22.279	504	22.304	529
22.329	502	22.355	527
22.381	495	22.405	524
22.431	482	22.456	522
22.482	466	22.507	520
22.532	446	22.558	519
22.583	424	22.608	518
22.634	401	22.659	518
22.685	378	22.709	518
22.735	356	22.761	518
22.786	338	22.811	519
22.836	321	22.862	519
22.888	312	22.912	521
22.938	305	22.963	522
22.989	304	23.014	523
23.039	309	23.065	524
23.090	317	23.115	525
23.140	330	23.166	527
23.192	348	23.216	527
23.242	368	23.267	527
23.293	391	23.318	529
23.343	412	23.369	529
23.394	436	23.419	529
23.445	457	23.470	530
23.496	474	23.520	530
23.546	488	23.572	530
23.597	498	23.622	529
23.647	502	23.673	529
23.699	502	23.723	530
23.749	496	23.774	530
23.800	486	23.825	529
23.850	471	23.876	529
23.901	452	23.926	528
23.952	432	23.977	528
24.003	409	24.027	528
24.053	387	24.078	527
24.104	365	24.129	527
24.154	345	24.180	526
24.205	329	24.230	525
24.256	316	24.281	524
24.307	309	24.331	524
24.357	305	24.383	522
24.408	308	24.433	521
24.458	315	24.484	521
24.510	328	24.534	520
24.560	342	24.585	520
24.611	362	24.636	519
24.661	383	24.687	519
24.712	405	24.738	519
24.763	427	24.788	520
24.814	448	24.839	522
24.864	466	24.889	523
24.915	482	24.941	525
24.965	493	24.991	527
25.016	498	25.042	529
25.067	500	25.092	531
25.118	496	25.143	533
25.168	488	25.194	535
25.219	475	25.245	536
25.269	458	25.295	537
25.321	440	25.346	537
25.371	417	25.396	537
25.422	396	25.448	537
25.472	374	25.498	535
25.523	354	25.549	534
25.574	337	25.599	531
25.625	323	25.650	528
25.675	315	25.700	526
25.726	310	25.752	523
25.776	311	25.802	520
25.827	316	25.853	517
25.878	326	25.903	514
25.929	339	25.954	512
25.979	356	26.005	511
26.030	376	26.056	511
26.080	397	26.106	510
26.132	419	26.157	511
26.182	439	26.207	514
26.233	458	26.259	516
26.283	474	26.309	519
26.334	486	26.360	523
26.385	493	26.410	527
26.436	497	26.461	531
26.486	495	26.512	535
26.537	488	26.563	538
26.587	478	26.613	542
26.638	462	26.664	544
26.689	444	26.714	545
26.740	424	26.765	546
26.790	404	26.816	545
26.841	383	26.867	543
26.891	364	26.917	542
26.943	346	26.968	538
26.993	332	27.018	534
27.044	322	27.070	529
27.094	316	27.120	524
27.145	314	27.171	519
27.196	318	27.221	514
27.247	326	27.272	510
27.297	338	27.323	507
27.348	353	27.374	504
27.398	370	27.424	503
27.449	390	27.475	502
27.500	410	27.525	504
27.551	431	27.576	505
27.601	449	27.627	508
27.652	465	27.678	512
27.702	478	27.728	519
27.754	487	27.779	523
27.804	491	27.829	530
27.855	491	27.881	536
27.905	486	27.931	541
27.956	477	27.982	545
28.007	464	28.032	550
28.058	449	28.083	553
28.108	430	28.134	554
28.159	411	28.185	554
28.209	391	28.235	552
28.260	372	28.286	550
28.311	355	28.336	545
28.362	341	28.387	540
28.412	330	28.438	534
28.463	323	28.489	527
28.513	320	28.539	520
28.565	322	28.590	514
28.615	328	28.640	508
28.666	338	28.692	503
28.716	351	28.742	498
28.767	367	28.793	496
28.818	384	28.843	494
28.869	403	28.894	495
28.919	423	28.945	497
28.970	440	28.996	501
29.020	456	29.046	506
29.072	469	29.097	513
29.122	479	29.147	520
29.173	484	29.198	527
29.223	485	29.249	535
29.274	482	29.300	542
29.324	475	29.350	548
29.376	465	29.401	554
29.426	451	29.451	558
29.477	435	29.503	561
29.527	417	29.553	561
29.578	399	29.604	560
29.629	381	29.654	557
29.680	365	29.705	552
29.730	351	29.756	546
29.781	340	29.807	539
29.831	332	29.857	531
29.883	329	29.908	523
29.933	328	29.958	514
29.984	332	30.009	506
30.034	341	30.060	499
30.085	351	30.111	494
30.135	365	30.161	490
30.187	381	30.212	488
30.237	398	30.262	488
30.288	415	30.314	489
30.338	432	30.364	493
30.389	446	30.415	499
30.440	459	30.465	506
30.491	469	30.516	514
30.541	475	30.567	523
30.592	478	30.618	532
30.642	476	30.668	542
30.694	471	30.719	550
30.744	464	30.769	557
30.795	452	30.820	562
30.845	438	30.871	566
30.896	422	30.922	568
30.946	406	30.972	568
30.998	389	31.023	564
31.048	375	31.073	559
31.099	361	31.125	552
31.149	350	31.175	544
31.200	343	31.226	535
31.251	337	31.276	525
31.302	336	31.327	516
31.352	339	31.378	507
31.403	344	31.429	498
31.453	352	31.479	491
31.505	364	31.530	485
31.555	377	31.580	482
31.606	393	31.632	481
31.656	408	31.682	482
31.707	423	31.733	485
31.757	437	31.783	492
31.809	449	31.834	499
31.859	459	31.884	508
31.910	466	31.936	518
31.960	470	31.986	529
32.011	469	32.037	540
32.062	466	32.087	549
32.113	460	32.138	557
32.163	450	32.189	565
32.214	439	32.240	569
32.264	426	32.290	572
32.316	412	32.341	573
32.366	397	32.391	570
32.417	384	32.443	566
32.467	370	32.493	558
32.518	360	32.544	550
32.568	352	32.594	540
32.620	347	32.645	529
32.670	345	32.695	518
32.721	346	32.747	507
32.771	350	32.797	497
32.822	356	32.848	489
32.873	365	32.898	482
32.924	377	32.949	477
32.974	390	33.000	475
33.025	403	33.051	476
33.075	416	33.101	479
33.127	428	33.152	485
33.177	440	33.202	493
33.228	449	33.254	502
33.278	456	33.304	513
33.329	460	33.355	524
33.379	462	33.405	536
33.431	460	33.456	547
33.481	456	33.506	557
33.532	447	33.558	566
33.582	438	33.608	573
33.633	428	33.659	576
33.685	415	33.709	577
33.735	403	33.760	576
33.786	391	33.811	572
33.836	380	33.862	565
33.887	370	33.912	556
33.938	363	33.963	546
33.989	357	34.013	534
34.039	354	34.065	523
34.090	354	34.115	510
34.140	357	34.166	499
34.192	361	34.216	488
34.242	369	34.267	481
34.293	378	34.317	474
34.343	388	34.369	472
34.394	399	34.419	471
34.444	410	34.470	474
34.496	421	34.520	479
34.546	431	34.571	486
34.597	440	34.622	496
34.647	446	34.673	508
34.698	450	34.723	519
34.749	452	34.774	532
34.800	451	34.824	544
34.850	448	34.876	556
34.901	443	34.926	566
34.951	437	34.977	574
35.003	427	35.027	579
35.053	417	35.078	582
35.104	407	35.128	580
35.154	398	35.180	578
35.205	388	35.230	572
35.255	379	35.281	562
35.307	373	35.331	552
35.357	368	35.382	539
35.408	365	35.433	527
35.458	364	35.484	514
35.509	365	35.534	501
35.560	368	35.585	490
35.611	373	35.635	480
35.661	380	35.687	473
35.712	388	35.737	468
35.762	397	35.788	467
35.814	406	35.838	469
35.864	415	35.889	473
35.915	422	35.939	480
35.965	431	35.991	490
36.016	436	36.041	501
36.066	440	36.092	514
36.118	442	36.142	528
36.168	442	36.193	541
36.219	440	36.244	554
36.269	437	36.295	566
36.320	432	36.345	574
36.371	425	36.396	581
36.422	418	36.446	584
36.472	410	36.498	584
36.523	403	36.548	581
36.573	396	36.599	576
36.625	389	36.649	568
36.675	383	36.700	557
36.726	378	36.750	545
36.776	376	36.802	532
36.827	374	36.853	518
36.877	375	36.903	504
36.929	376	36.954	493
36.979	380	37.004	481
37.030	384	37.056	473
37.080	390	37.106	467
37.131	396	37.157	465
37.182	403	37.207	465
37.233	411	37.258	469
37.283	416	37.309	476
37.334	421	37.360	485
37.384	426	37.410	497
37.436	429	37.461	509
37.486	431	37.511	524
37.537	432	37.563	537
37.587	432	37.613	551
37.638	429	37.664	562
37.688	426	37.714	572
37.740	422	37.765	580
37.790	417	37.815	584
37.841	412	37.867	587
37.891	407	37.917	585
37.942	401	37.968	579
37.993	396	38.018	573
38.044	392	38.069	562
38.094	389	38.120	550
38.145	386	38.171	537
38.195	385	38.221	523
38.247	384	38.272	509
38.297	386	38.322	496
38.348	388	38.374	484
38.398	390	38.424	475
38.449	393	38.475	468
38.499	398	38.525	464
38.551	402	38.576	464
38.601	406	38.626	466
38.652	411	38.678	472
38.702	414	38.728	481
38.753	417	38.779	492
38.804	420	38.829	505
38.855	421	38.880	518
38.905	421	38.931	533
38.956	422	38.982	546
39.006	421	39.032	559
39.058	420	39.083	570
39.108	417	39.133	579
39.159	415	39.185	584
39.209	412	39.235	587
39.260	408	39.286	586
39.310	405	39.336	582
39.362	402	39.387	576
39.412	400	39.437	566
39.463	398	39.489	555
39.513	396	39.539	542
39.564	395	39.590	528
39.615	395	39.640	514
39.666	395	39.691	500
39.716	396	39.742	487
39.767	396	39.793	478
39.817	399	39.843	470
39.869	400	39.894	465
39.919	403	39.944	463
39.970	404	39.996	465
40.020	406	40.046	470
40.071	408	40.097	478
40.121	409	40.147	488
40.173	411	40.198	500
40.223	411	40.248	513
40.274	412	40.300	527
40.324	412	40.350	542
40.375	412	40.401	555
40.426	412	40.451	566
40.477	411	40.502	576
40.528	410	40.553	582
40.578	410	40.604	586
40.629	408	40.654	586
40.680	408	40.705	583
40.731	407	40.755	578
40.781	407	40.807	570
40.832	406	40.857	559
40.882	405	40.908	546
40.934	405	40.958	533
40.984	405	41.009	518
41.035	405	41.059	505
41.085	405	41.111	492
41.136	405	41.161	481
41.186	404	41.212	473
41.238	405	41.262	467
41.288	405	41.313	464
41.339	404	41.364	465
41.389	404	41.415	469
41.440	403	41.465	476
41.491	404	41.516	485
41.542	403	41.566	496
41.592	403	41.618	509
41.643	403	41.668	522
41.693	403	41.719	536
41.745	404	41.769	550
41.795	405	41.820	562
41.846	405	41.870	571
41.896	406	41.922	580
41.947	407	41.972	584
41.997	407	42.023	585
42.049	409	42.073	585
42.099	411	42.124	580
42.150	410	42.175	573
42.200	412	42.226	562
42.251	413	42.276	550
42.302	414	42.327	537
42.353	414	42.377	524
42.403	414	42.429	510
42.454	413	42.479	497
42.504	411	42.530	486
42.556	410	42.580	477
42.606	408	42.631	470
42.657	406	42.681	467
42.707	405	42.733	466
42.758	402	42.783	468
42.808	400	42.834	475
42.860	398	42.884	482
42.910	397	42.935	493
42.961	396	42.986	505
43.011	395	43.037	518
43.062	395	43.087	531
43.113	396	43.138	545
43.164	397	43.188	557
43.214	399	43.240	567
43.265	401	43.290	576
43.315	403	43.341	580
43.367	407	43.391	584
43.417	409	43.442	583
43.468	412	43.492	579
43.518	416	43.544	574
43.569	418	43.595	565
43.619	420	43.645	554
43.671	422	43.696	541
43.721	422	43.746	527
43.772	423	43.798	515
43.822	421	43.848	502
43.873	419	43.899	491
43.924	417	43.949	482
43.975	414	44.000	474
44.025	409	44.051	470
44.076	406	44.102	468
44.126	402	44.152	470
44.178	399	44.203	474
44.228	394	44.253	481
44.279	391	44.305	491
44.329	389	44.355	501
44.380	388	44.406	514
44.430	388	44.456	527
44.482	388	44.507	539
44.532	389	44.557	552
44.583	392	44.609	562
44.633	395	44.659	571
44.684	399	44.710	578
44.735	405	44.760	581
44.786	409	44.811	581
44.836	414	44.862	578
44.887	418	44.913	573
44.937	423	44.963	566
44.989	426	45.014	555
45.039	428	45.064	544
45.090	429	45.116	532
45.140	430	45.166	519
45.191	429	45.217	508
45.241	428	45.267	496
45.293	424	45.318	486
45.343	419	45.368	480
45.394	415	45.420	474
45.444	408	45.470	472
45.495	403	45.521	472
45.546	398	45.571	476
45.597	392	45.622	481
45.647	388	45.673	489
45.698	384	45.724	499
45.748	381	45.774	510
45.800	380	45.825	523
45.850	380	45.875	535
45.901	382	45.927	546
45.951	385	45.977	557
46.002	389	46.028	565
46.052	394	46.078	571
46.104	401	46.129	576
46.154	407	46.179	577
46.205	413	46.231	576
46.255	420	46.281	572
46.306	425	46.332	566
46.357	431	46.382	557
46.408	434	46.433	547
46.458	437	46.484	536
46.509	438	46.535	524
46.559	437	46.585	513
46.611	434	46.636	502
46.661	431	46.686	492
46.712	425	46.738	485
46.762	419	46.788	480
46.813	412	46.839	476
46.864	405	46.889	475
46.915	399	46.940	478
46.965	391	46.990	482
47.016	385	47.042	489
47.066	380	47.092	498
47.117	376	47.143	508
47.168	374	47.193	519
47.219	373	47.244	530
47.269	375	47.295	541
47.320	378	47.346	551
47.370	384	47.396	559
47.422	389	47.447	566
47.472	397	47.497	570
47.523	404	47.549	573
47.573	412	47.599	572
47.624	420	47.650	570
47.675	428	47.700	564
47.726	433	47.751	557
47.776	438	47.801	549
47.827	442	47.853	539
47.877	443	47.903	528
47.928	443	47.954	518
47.979	442	48.004	507
48.030	437	48.055	498
48.081	431	48.106	490
48.131	426	48.157	484
48.182	417	48.207	481
48.233	409	48.258	480
48.284	400	48.308	481
48.334	392	48.360	485
48.385	385	48.410	490
48.435	378	48.461	497
48.487	373	48.511	506
48.537	369	48.562	516
48.588	368	48.612	525
48.638	369	48.664	535
48.689	373	48.714	545
48.739	377	48.765	553
48.791	383	48.815	560
48.841	392	48.866	565
48.892	400	48.917	567
48.942	409	48.968	569
48.993	418	49.018	566
49.044	427	49.069	563
49.095	435	49.119	556
49.145	441	49.171	549
49.196	447	49.221	541
49.246	449	49.272	531
49.298	449	49.322	521
49.348	448	49.373	512
49.399	444	49.424	504
49.449	438	49.475	496
49.500	431	49.525	491
49.550	423	49.576	486
49.602	412	49.626	485
49.652	403	49.677	486
49.703	393	49.728	488
49.753	384	49.779	492
49.804	376	49.829	498
49.855	370	49.880	505
49.906	367	49.930	514
49.956	364	49.982	522
50.007	364	50.032	531
50.057	366	50.083	540
50.109	371	50.133	548
50.159	378	50.184	554
50.210	386	50.235	559
50.260	396	50.286	562
50.311	406	50.336	563
50.361	416	50.387	563
50.413	426	50.437	559
50.463	436	50.488	555
50.514	443	50.539	549
50.564	449	50.590	541
50.615	453	50.640	533
50.666	454	50.691	525
50.717	454	50.741	517
50.767	451	50.793	510
50.818	444	50.843	502
50.868	436	50.894	497
50.920	428	50.944	493
50.970	417	50.995	491
51.021	407	51.046	491
51.071	395	51.097	493
51.122	386	51.148	495
51.172	376	51.198	500
51.224	369	51.249	506
51.274	363	51.299	512
51.325	360	51.351	520
51.375	360	51.401	527
51.426	361	51.452	535
51.477	366	51.502	542
51.528	372	51.553	548
51.578	381	51.604	553
51.629	391	51.655	556
51.679	402	51.705	557
51.731	413	51.756	557
51.781	424	51.806	555
51.832	435	51.858	552
51.882	444	51.908	547
51.933	451	51.959	541
51.984	455	52.009	535
52.035	458	52.060	529
52.085	458	52.110	521
52.136	456	52.162	514
52.186	450	52.212	508
52.237	443	52.263	503
52.288	433	52.313	500
52.339	422	52.364	497
52.389	411	52.415	497
52.440	399	52.466	497
52.490	388	52.516	499
52.542	378	52.567	502
52.592	369	52.617	507
52.643	362	52.669	513
52.693	359	52.719	518
52.744	357	52.770	525
52.795	358	52.820	531
52.846	361	52.871	537
52.896	368	52.921	542
52.947	376	52.973	546
52.997	386	53.023	548
53.048	397	53.074	551
53.099	409	53.124	551
53.150	421	53.175	550
53.200	432	53.226	548
53.251	443	53.277	544
53.301	451	53.327	540
53.353	457	53.378	535
53.403	460	53.428	529
53.454	461	53.480	524
53.504	459	53.530	519
53.555	454	53.581	514
53.606	447	53.631	510
53.657	438	53.682	506
53.707	427	53.732	504
53.758	415	53.784	503
53.808	403	53.834	503
53.859	390	53.885	504
53.910	380	53.935	507
53.961	370	53.986	510
54.011	362	54.037	514
54.062	358	54.088	518
54.112	355	54.138	523
54.164	355	54.189	527
54.214	358	54.239	533
54.265	364	54.291	536
54.315	372	54.341	540
54.366	382	54.392	542
54.417	394	54.442	544
54.468	406	54.493	545
54.518	418	54.544	545
54.569	430	54.595	542
54.619	441	54.645	541
54.670	450	54.696	538
54.721	457	54.746	534
54.772	462	54.797	530
54.823	463	54.848	526
54.873	462	54.899	522
54.924	457	54.949	518
54.975	451	55.000	515
55.026	443	55.050	512
55.076	432	55.102	510
55.127	420	55.152	509
55.177	407	55.203	509
55.229	395	55.253	510
55.279	383	55.304	511
55.330	373	55.355	513
55.380	364	55.406	515
55.431	358	55.456	519
55.481	355	55.507	522
55.533	353	55.557	525
55.583	356	55.608	529
55.634	361	55.659	532
55.684	368	55.710	534
55.735	377	55.760	536
55.786	388	55.811	537
55.837	401	55.861	538
55.887	414	55.913	538
55.938	426	55.963	537
55.988	438	56.014	536
56.040	448	56.064	534
56.090	456	56.115	532
56.141	461	56.166	529
56.191	464	56.217	527
56.242	464	56.267	525
56.292	460	56.318	522
56.344	455	56.368	520
56.394	447	56.419	518
56.445	436	56.470	517
56.495	424	56.521	516
56.546	412	56.571	515
56.597	399	56.622	515
56.648	387	56.672	516
56.698	376	56.724	517
56.749	367	56.774	519
56.799	359	56.825	520
56.851	355	56.875	522
56.901	354	56.926	524
56.952	355	56.977	525
57.002	359	57.028	528
57.053	365	57.078	529
57.104	374	57.129	530
57.155	385	57.179	531
57.205	397	57.230	531
57.256	410	57.281	532
57.306	422	57.332	532
57.357	434	57.382	532
57.408	445	57.433	530
57.459	453	57.483	529
57.509	460	57.535	528
57.560	464	57.585	527
57.610	464	57.636	526
57.662	462	57.686	525
57.712	457	57.737	524
57.763	449	57.788	523
57.813	440	57.839	522
57.864	428	57.890	522
57.915	416	57.940	522
57.966	404	57.991	522
58.016	391	58.041	522
58.067	380	58.093	522
58.117	370	58.143	523
58.168	362	58.194	523
58.219	358	58.244	523
58.270	355	58.295	523
58.320	354	58.346	524
58.371	358	58.397	524
58.421	364	58.447	525
58.473	372	58.498	525
58.523	382	58.548	526
58.574	393	58.600	525
58.624	405	58.650	526
58.675	418	58.701	525
58.726	430	58.751	525
58.777	442	58.802	525
58.827	451	58.852	525
58.878	457	58.904	526
58.928	462	58.954	526
58.979	464	59.005	526
59.030	463	59.055	527
59.081	459	59.106	526
59.131	452	59.157	527
59.182	443	59.208	526
59.232	432	59.258	527
59.284	420	59.309	528
59.334	408	59.359	527
59.385	396	59.411	527
59.435	385	59.461	527
59.486	374	59.512	526
59.537	367	59.562	526
59.588	360	59.613	525
59.638	357	59.664	524
59.689	356	59.715	523
59.739	358	59.765	523
59.790	363	59.816	521
59.841	371	59.866	521
59.892	379	59.917	521
59.942	390	59.968	521
59.993	402	60.019	521
60.043	414	60.069	521
60.095	426	60.120	521
60.145	437	60.170	522
60.196	447	60.222	523
60.246	454	60.272	524
60.297	459	60.323	525
60.348	462	60.373	526
60.399	461	60.424	527
60.449	458	60.475	530
60.500	452	60.526	530
60.550	445	60.576	531
60.601	436	60.627	532
60.652	424	60.677	531
60.703	413	60.728	532
60.753	401	60.779	532
60.804	390	60.830	531
60.854	379	60.880	530
60.906	371	60.931	528
60.956	364	60.981	526
61.007	360	61.033	525
61.057	358	61.083	522
61.108	358	61.134	520
61.159	363	61.184	518
61.210	368	61.235	517
61.260	378	61.286	516
61.311	386	61.337	514
61.361	398	61.387	515
61.412	409	61.438	515
61.463	420	61.488	516
61.514	431	61.539	517
61.564	442	61.590	519
61.615	449	61.641	521
61.665	456	61.691	524
61.717	459	61.742	526
61.767	459	61.792	528
61.818	458	61.844	531
61.868	453	61.894	533
61.919	447	61.945	535
61.970	438	61.995	536
62.021	429	62.046	537
62.071	417	62.097	536
62.122	406	62.148	536
62.172	396	62.198	535
62.224	385	62.249	534
62.274	376	62.299	532
62.325	368	62.350	528
62.375	363	62.401	525
62.426	362	62.452	523
62.476	362	62.502	520
62.528	365	62.553	518
62.578	370	62.603	515
62.629	377	62.655	514
62.679	385	62.705	511
62.730	395	62.756	511
62.781	406	62.806	511
62.832	416	62.857	512
62.882	427	62.908	512
62.933	436	62.959	515
62.983	444	63.009	517
63.035	449	63.060	520
63.085	453	63.110	523
63.136	455	63.161	527
63.186	454	63.212	530
63.237	450	63.263	533
63.287	445	63.313	536
63.339	439	63.364	539
63.389	430	63.414	539
63.440	420	63.466	541
63.490	411	63.516	541
63.541	400	63.567	540
63.592	391	63.617	538
63.643	383	63.668	535
63.693	375	63.719	532
63.744	371	63.770	528
63.794	367	63.820	525
63.846	365	63.871	520
63.896	367	63.921	517
63.947	371	63.972	513
63.997	376	64.023	510
64.048	384	64.074	508
64.098	393	64.124	507
64.150	402	64.175	507
64.200	412	64.225	508
64.251	422	64.277	509
64.301	432	64.327	512
64.352	440	64.378	515
64.403	446	64.428	519
64.454	451	64.479	522
64.504	453	64.530	527
64.555	453	64.581	531
64.605	449	64.631	534
64.657	445	64.682	538
64.707	439	64.732	540
64.758	431	64.784	542
64.808	422	64.834	543
64.859	413	64.885	544
64.909	403	64.935	542
64.961	394	64.986	540
65.011	386	65.036	539
65.062	380	65.088	535
65.112	374	65.138	531
65.163	371	65.189	526
65.214	370	65.239	522
65.265	371	65.290	517
65.315	375	65.341	514
65.366	379	65.392	510
65.416	385	65.442	507
65.468	393	65.493	504
65.518	401	65.543	504
65.569	410	65.595	504
65.619	419	65.645	505
65.670	426	65.696	507
65.720	434	65.746	511
65.772	439	65.797	515
65.822	444	65.847	519
65.873	447	65.899	524
65.923	448	65.949	529
65.974	447	66.000	534
66.025	443	66.050	539
66.076	438	66.101	542
66.126	432	66.152	545
66.177	424	66.203	547
66.227	417	66.253	547
66.279	408	66.304	547
66.329	400	66.354	545
66.380	392	66.406	542
66.430	385	66.456	537
66.481	380	66.507	533
66.531	377	66.557	528
66.583	374	66.608	523
66.633	375	66.658	518
66.684	376	66.710	512
66.734	380	66.760	508
66.785	385	66.811	504
66.836	392	66.861	503
66.887	399	66.912	501
66.937	407	66.963	501
66.988	415	67.014	502
67.038	423	67.064	505
67.090	430	67.115	508
67.140	436	67.165	513
67.191	440	67.217	517
67.241	443	67.267	523
67.292	444	67.318	528
67.342	444	67.368	534
67.394	441	67.419	539
67.445	436	67.469	543
67.495	431	67.521	546
67.546	425	67.571	549
67.596	417	67.622	550
67.648	410	67.672	550
67.698	403	67.723	548
67.749	396	67.774	545
67.799	390	67.825	541
67.850	386	67.875	536
67.901	382	67.926	531
67.952	380	67.976	525
68.002	380	68.028	519
68.053	381	68.078	513
68.103	384	68.129	508
68.155	388	68.179	504
68.205	393	68.230	502
68.256	399	68.280	499
68.306	406	68.332	499
68.357	412	68.382	500
68.407	419	68.433	501
68.459	425	68.483	505
68.509	430	68.534	509
68.560	435	68.585	514
68.610	437	68.636	520
68.661	438	68.686	526
68.712	438	68.737	532
68.763	436	68.787	539
68.813	434	68.839	543
68.864	430	68.889	547
68.914	424	68.940	551
68.966	419	68.990	552
69.016	413	69.041	552
69.067	408	69.091	550
69.117	401	69.143	548
69.168	396	69.193	544
69.218	391	69.244	538
69.270	388	69.294	533
69.320	386	69.345	527
69.371	385	69.396	520
69.421	385	69.447	514
69.472	387	69.497	508
69.523	391	69.548	504
69.574	394	69.598	500
69.624	399	69.650	498
69.675	404	69.700	497
69.725	411	69.751	497
69.777	415	69.801	499
69.827	422	69.852	502
69.878	426	69.902	507
69.928	429	69.954	512
69.979	432	70.004	518
70.029	434	70.055	525
70.081	434	70.105	531
70.131	433	70.156	536
70.182	431	70.207	543
70.232	428	70.258	547
70.283	424	70.308	551
70.334	418	70.359	553
70.385	414	70.410	553
70.435	409	70.461	552
70.486	404	70.512	551
70.536	400	70.562	546
70.588	396	70.613	541
70.638	393	70.663	536
70.689	391	70.715	529
70.739	390	70.765	523
70.790	390	70.816	516
70.840	392	70.866	510
70.892	394	70.917	505
70.942	397	70.967	500
70.993	400	71.019	498
71.043	405	71.069	496
71.094	409	71.120	496
71.145	414	71.170	497
71.196	417	71.221	499
71.246	421	71.272	504
71.297	423	71.323	509
71.347	426	71.373	516
71.399	428	71.424	522
71.449	428	71.474	529
71.500	428	71.526	536
71.550	427	71.576	541
71.601	424	71.627	546
71.651	421	71.677	550
71.703	419	71.728	553
71.753	415	71.778	555
71.804	411	71.830	554
71.854	407	71.880	552
71.905	404	71.931	549
71.956	401	71.981	544
72.007	399	72.032	538
72.057	397	72.083	531
72.108	396	72.134	525
72.158	396	72.184	517
72.210	396	72.235	511
72.260	398	72.285	506
72.311	400	72.337	500
72.361	403	72.387	497
72.412	405	72.438	495
72.462	409	72.488	494
72.514	412	72.539	496
72.564	415	72.589	498
72.615	418	72.641	502
72.665	419	72.691	507
72.716	421	72.742	513
72.767	423	72.792	519
72.818	423	72.843	526
72.868	424	72.894	533
72.919	422	72.945	539
72.969	421	72.995	544
73.021	419	73.046	550
73.071	417	73.096	552
73.122	414	73.148	554
73.172	412	73.198	554
73.223	409	73.249	553
73.273	407	73.299	550
73.325	405	73.350	544
73.375	403	73.400	540
73.426	402	73.452	534
73.476	401	73.502	527
73.527	401	73.553	520
73.578	401	73.603	513
73.629	402	73.654	507
73.680	405	73.705	502
73.730	405	73.756	497
73.781	407	73.806	495
73.832	409	73.857	494
73.883	411	73.907	494
73.933	414	73.959	496
73.984	415	74.009	500
74.034	416	74.060	505
74.086	417	74.110	511
74.136	417	74.161	517
74.187	418	74.211	525
74.237	418	74.263	532
74.288	417	74.313	538
74.338	417	74.364	544
74.390	416	74.414	548
74.440	414	74.465	552
74.491	413	74.516	554
74.541	412	74.567	555
74.592	411	74.617	554
74.643	410	74.668	551
74.694	408	74.718	546
74.744	408	74.770	542
74.795	407	74.820	535
74.845	408	74.871	529
74.897	407	74.921	522
74.947	407	74.972	515
74.998	407	75.022	508
75.048	408	75.074	503
75.099	409	75.124	499
75.149	409	75.175	496
75.201	411	75.225	495
75.251	411	75.276	495
75.302	411	75.327	496
75.352	412	75.378	499
75.403	413	75.428	504
75.454	413	75.479	509
75.505	413	75.529	515
75.555	413	75.581	522
75.606	413	75.631	529
75.656	413	75.682	535
75.708	413	75.732	541
75.758	412	75.783	546
75.809	411	75.833	550
75.859	412	75.885	553
75.910	412	75.935	554
75.960	411	75.986	553
76.012	411	76.036	551
76.062	411	76.087	547
76.113	411	76.138	543
76.163	411	76.189	537
76.214	411	76.239	531
76.265	412	76.290	524
76.316	412	76.340	518
76.366	412	76.392	511
76.417	412	76.442	505
76.467	411	76.493	501
76.519	412	76.543	497
76.569	412	76.594	495
76.620	411	76.644	495
76.670	411	76.696	497
76.721	411	76.747	499
76.771	410	76.797	502
76.823	410	76.848	508
76.873	409	76.898	513
76.924	409	76.950	520
76.974	409	77.000	526
77.025	409	77.051	533
77.076	409	77.101	539
77.127	410	77.152	544
77.177	409	77.203	548
77.228	411	77.254	551
77.278	411	77.304	553
77.330	412	77.355	554
77.380	413	77.405	550
77.431	414	77.457	548
77.481	415	77.507	543
77.532	415	77.558	539
77.582	415	77.608	533
77.634	415	77.659	526
77.684	416	77.709	520
77.735	416	77.761	513
77.785	416	77.811	508
77.836	415	77.862	503
77.887	414	77.912	499
77.938	413	77.963	497
77.988	411	78.014	496
78.039	411	78.065	497
78.089	409	78.115	499
78.141	408	78.166	502
78.191	407	78.216	506
78.242	407	78.268	512
78.292	405	78.318	518
78.343	405	78.369	524
78.393	405	78.419	531
78.445	406	78.470	537
78.495	406	78.520	542
78.546	408	78.572	546
78.596	409	78.622	549
78.647	410	78.673	551
78.698	412	78.723	551
78.749	413	78.774	550
78.799	415	78.825	548
78.850	416	78.876	545
78.900	418	78.926	539
78.952	419	78.977	533
79.002	419	79.027	528
79.053	420	79.079	522
79.103	418	79.129	516
79.154	418	79.180	510
79.204	418	79.230	506
79.256	416	79.281	502
79.306	415	79.331	499
79.357	413	79.383	498
79.407	411	79.433	499
79.458	409	79.484	500
79.509	407	79.534	502
79.560	405	79.585	507
79.610	404	79.636	511
79.661	403	79.687	517
79.711	402	79.737	523
79.763	402	79.788	529
79.813	403	79.838	535
79.864	405	79.890	539
79.914	405	79.940	544
79.965	407	79.991	547
80.016	409	80.041	548
80.067	411	80.092	549
80.117	414	80.142	550
80.168	416	80.194	547
80.218	418	80.244	544
80.269	420	80.295	540
80.320	422	80.345	535
80.371	423	80.396	530
80.421	423	80.447	524
80.472	423	80.498	518
80.522	422	80.548	513
80.574	421	80.599	508
80.624	419	80.649	504
80.675	416	80.701	502
80.725	414	80.751	501
80.776	411	80.802	500
80.827	408	80.852	502
80.878	406	80.903	503
80.928	404	80.953	507
80.979	401	81.005	511
81.029	400	81.055	516
81.080	400	81.106	521
81.131	399	81.156	526
81.182	400	81.207	532
81.233	401	81.258	536
81.283	403	81.309	540
81.334	406	81.359	545
81.385	407	81.410	546
81.436	411	81.460	548
81.486	414	81.512	547
81.537	417	81.562	546
81.587	419	81.613	543
81.639	422	81.663	539
81.689	424	81.714	535
81.740	426	81.764	530
81.790	426	81.816	525
81.841	425	81.866	520
81.891	425	81.917	515
81.943	424	81.967	511
81.993	421	82.018	507
82.044	419	82.069	504
82.094	415	82.120	503
82.145	412	82.170	502
82.196	409	82.221	503
82.247	406	82.271	505
82.297	403	82.323	507
82.348	400	82.373	511
82.398	398	82.424	515
82.450	397	82.474	520
82.500	397	82.525	525
82.551	398	82.576	529
82.601	398	82.627	534
82.652	401	82.677	538
82.702	403	82.728	541
82.754	406	82.778	543
82.804	409	82.829	545
82.855	413	82.880	545
82.905	416	82.931	543
82.956	420	82.981	542
83.007	423	83.032	539
83.058	426	83.082	536
83.108	427	83.134	531
83.159	429	83.184	526
83.209	429	83.235	523
83.261	428	83.285	518
83.311	426	83.336	513
83.362	424	83.387	510
83.412	421	83.438	507
83.463	417	83.488	505
83.513	413	83.539	505
83.565	410	83.589	505
83.615	406	83.640	506
83.666	402	83.691	509
83.716	400	83.742	511
83.767	397	83.792	515
83.818	396	83.843	518
83.869	396	83.893	524
83.919	395	83.945	527
83.970	396	83.995	532
84.020	398	84.046	535
84.072	401	84.096	538
84.122	405	84.147	540
84.173	408	84.198	542
84.223	412	84.249	542
84.274	416	84.300	542
84.324	420	84.350	540
84.376	423	84.401	538
84.426	426	84.451	535
84.477	429	84.503	532
84.527	430	84.553	528
84.578	431	84.604	524
84.629	430	84.654	520
84.680	428	84.705	516
84.730	426	84.756	513
84.781	423	84.807	510
84.831	419	84.857	508
84.883	415	84.908	508
84.933	411	84.958	508
84.984	407	85.010	508
85.034	403	85.060	510
85.085	400	85.111	512
85.136	397	85.161	515
85.187	394	85.212	518
85.237	394	85.262	523
85.288	393	85.314	526
85.338	394	85.364	530
85.389	396	85.415	533
85.440	399	85.465	535
85.491	403	85.516	537
85.541	407	85.567	539
85.592	411	85.618	540
85.642	416	85.668	539
85.694	420	85.719	539
85.744	423	85.769	537
85.795	427	85.821	535
85.845	430	85.871	532
85.896	431	85.922	528
85.947	432	85.972	526
85.998	432	86.023	522
86.048	430	86.073	518
86.099	428	86.125	515
86.149	425	86.175	514
86.200	421	86.226	511
86.251	417	86.276	510
86.302	413	86.327	510
86.352	408	86.378	510
86.403	404	86.429	511
86.453	400	86.479	513
86.505	397	86.530	516
86.555	394	86.580	518
86.606	393	86.632	521
86.656	392	86.682	524
86.707	393	86.733	528
86.758	396	86.783	530
86.809	397	86.834	533
86.859	401	86.884	535
86.910	405	86.936	536
86.960	409	86.986	536
87.011	414	87.037	537
87.062	419	87.087	535
87.113	423	87.138	535
87.163	427	87.189	534
87.214	430	87.240	531
87.264	432	87.290	528
87.316	434	87.341	526
87.366	433	87.391	523
87.417	433	87.443	521
87.467	431	87.493	518
87.518	427	87.544	516
87.569	423	87.594	515
87.620	419	87.645	513
87.670	414	87.696	513
87.721	409	87.747	513
87.771	405	87.797	514
87.822	400	87.848	515
87.873	397	87.898	517
87.924	394	87.949	519
87.975	392	88.000	521
88.025	392	88.051	524
88.076	392	88.101	526
88.127	393	88.152	528
88.178	396	88.202	530
88.228	399	88.254	532
88.279	404	88.304	533
88.329	408	88.355	534
88.381	413	88.405	534
88.431	418	88.456	534
88.482	422	88.507	532
88.532	426	88.558	531
88.583	430	88.608	530
88.633	432	88.659	528
88.685	434	88.709	526
88.735	435	88.760	524
88.786	433	88.811	522
88.836	432	88.862	520
88.887	429	88.912	519
88.938	425	88.963	517
88.989	421	89.013	517
89.039	417	89.065	516
89.090	411	89.115	516
89.140	406	89.166	517
89.192	402	89.216	517
89.242	398	89.267	517
89.293	395	89.318	520
89.343	393	89.369	521
89.394	392	89.419	523
89.444	392	89.470	525
89.496	393	89.520	527
89.546	394	89.571	528
89.597	398	89.622	529
89.647	402	89.673	529
89.698	407	89.723	530
89.749	412	89.774	531
89.800	417	89.824	530
89.850	422	89.876	530
89.901	426	89.926	529
89.951	429	89.977	529
90.003	432	90.027	527
90.053	434	90.078	526
90.104	434	90.129	525
90.154	434	90.180	523
90.205	433	90.230	522
90.256	429	90.281	521
90.307	426	90.331	520
90.357	422	90.382	519
90.408	417	90.433	519
90.458	413	90.484	519
90.509	407	90.534	518
90.560	403	90.585	520
90.611	400	90.635	521
90.661	396	90.687	521
90.712	393	90.737	522
90.762	392	90.788	523
90.814	392	90.838	524
90.864	392	90.889	525
90.915	395	90.940	526
90.965	398	90.991	526
91.016	401	91.042	527
91.067	405	91.092	528
91.118	411	91.143	528
91.168	415	91.193	528
91.219	420	91.245	527
91.269	425	91.295	527
91.320	428	91.346	526
91.371	431	91.396	526
91.422	433	91.447	526
91.472	434	91.498	525
91.523	434	91.549	524
91.573	432	91.599	523
91.625	431	91.650	523
91.675	427	91.700	522
91.726	423	91.752	523
91.776	419	91.802	522
91.827	414	91.853	522
91.878	410	91.903	522
91.929	405	91.954	522
91.979	400	92.004	523
92.030	397	92.056	523
92.080	394	92.106	523
92.131	393	92.157	524
92.182	392	92.207	524
92.233	393	92.258	525
92.283	395	92.309	524
92.334	398	92.360	525
92.384	400	92.410	525
92.436	405	92.461	525
92.486	409	92.511	525
92.537	415	92.563	525
92.587	418	92.613	525
92.638	424	92.664	525
92.689	427	92.714	524
92.740	430	92.765	525
92.790	433	92.816	525
92.841	433	92.867	525
92.891	433	92.917	525
92.942	433	92.968	525
92.993	430	93.018	524
93.044	428	93.069	525
93.094	424	93.120	524
93.145	420	93.171	524
93.195	416	93.221	524
93.247	411	93.272	524
93.297	406	93.322	524
93.348	402	93.374	525
93.398	399	93.424	524
93.449	396	93.475	524
93.500	393	93.525	524
93.551	393	93.576	524
93.601	393	93.627	524
93.652	395	93.678	524
93.702	398	93.728	524
93.753	401	93.779	523
93.804	404	93.829	523
93.855	409	93.880	524
93.905	414	93.931	523
93.956	418	93.982	523
94.006	422	94.032	524
94.058	425	94.083	524
94.108	429	94.133	524
94.159	431	94.185	524
94.209	433	94.235	524
94.260	433	94.286	524
94.311	433	94.336	525
94.362	430	94.387	525
94.412	428	94.438	526
94.463	424	94.489	525
94.513	420	94.539	526
94.564	416	94.590	526
94.615	412	94.640	525
94.666	408	94.691	526
94.716	404	94.742	526
94.767	400	94.793	525
94.817	398	94.843	525
94.869	396	94.894	524
94.919	394	94.944	524
94.970	395	94.996	523
95.020	395	95.046	523
95.071	398	95.097	523
95.122	401	95.147	522
95.173	404	95.198	522
95.223	408	95.249	522
95.274	412	95.300	522
95.324	416	95.350	522
95.376	420	95.401	522
95.426	424	95.451	523
95.477	428	95.502	524
95.527	430	95.553	523
95.578	432	95.604	525
95.628	432	95.654	525
95.680	432	95.705	526
95.730	431	95.755	526
95.781	429	95.807	527
95.831	425	95.857	527
95.882	421	95.908	527
95.933	417	95.958	527
95.984	414	96.009	527
96.034	409	96.060	527
96.085	405	96.111	527
96.135	402	96.161	525
96.187	400	96.212	524
96.237	397	96.262	524
96.288	396	96.313	524
96.338	396	96.364	522
96.389	397	96.415	522
96.439	399	96.465	521
96.491	401	96.516	521
96.541	404	96.566	521
96.592	407	96.618	521
96.642	411	96.668	521
96.693	416	96.719	521
96.744	419	96.769	522
96.795	423	96.820	522
96.845	426	96.871	523
96.896	428	96.922	523
96.946	430	96.972	524
96.998	431	97.023	525
97.048	430	97.073	526
97.099	429	97.124	527
97.149	428	97.175	528
97.200	425	97.226	528
97.250	422	97.276	528
97.302	418	97.327	528
97.352	414	97.377	528
97.403	410	97.429	528
97.453	407	97.479	528
97.504	404	97.530	526
97.555	401	97.580	526
97.606	399	97.631	524
97.656	397	97.682	523
97.707	398	97.733	523
97.757	398	97.783	521
97.809	399	97.834	521
97.859	401	97.884	520
97.910	404	97.936	520
97.960	407	97.986	519
98.011	411	98.037	520
98.061	414	98.087	520
98.113	417	98.138	520
98.163	422	98.188	521
98.214	425	98.240	522
98.264	426	98.290	524
98.315	428	98.341	524
98.366	429	98.391	526
98.417	429	98.442	526
98.467	429	98.493	527
98.518	427	98.544	528
98.568	425	98.594	528
98.620	422	98.645	529
98.670	419	98.695	530
98.721	415	98.747	529
98.771	412	98.797	528
98.822	409	98.848	528
98.872	406	98.898	527
98.924	402	98.949	525
98.974	401	98.999	525
99.025	400	99.051	524
99.075	399	99.101	522
99.126	400	99.152	521
99.177	400	99.202	521
99.228	402	99.253	520
99.278	405	99.304	519
99.329	407	99.355	519
99.379	411	99.405	518
99.431	414	99.456	519
99.481	417	99.506	520
99.532	421	99.558	521
99.582	422	99.608	521
99.633	425	99.659	522
99.683	427	99.709	524
99.735	428	99.760	525
99.785	428	99.810	526
99.836	428	99.862	528
99.886	426	99.912	528
99.937	424	99.963	529
99.988	423	100.013	529
100.039	419	100.064	529
100.089	417	100.115	530
100.140	413	100.166	529
100.190	410	100.216	529
100.242	408	100.267	528
100.292	405	100.317	527
100.343	403	100.369	525
100.393	402	100.419	524
100.444	401	100.470	523
100.494	401	100.520	522
100.546	402	100.571	521
100.597	403	100.621	519
100.647	405	100.673	520
100.698	408	100.723	518
100.748	411	100.774	518
100.800	413	100.824	519
100.850	416	100.875	518
100.901	419	100.926	520
100.951	420	100.977	520
101.002	423	101.027	522
101.053	425	101.078	524
101.104	425	101.128	524
101.154	427	101.180	526
101.205	426	101.230	527
101.255	426	101.281	528
101.307	424	101.331	529
101.357	422	101.382	530
101.408	420	101.432	530
101.458	417	101.484	530
101.509	414	101.534	530
101.559	411	101.585	529
101.611	409	101.635	528
101.661	407	101.686	527
101.712	404	101.737	526
101.762	404	101.788	525
101.813	403	101.838	523
101.864	403	101.889	521
101.915	403	101.939	520
101.965	404	101.991	519
102.016	406	102.041	519
102.066	408	102.092	518
102.118	410	102.142	518
102.168	412	102.193	518
102.219	415	102.243	519
102.269	418	102.295	519
102.320	420	102.345	520
102.370	423	102.396	522
102.422	424	102.446	522
102.472	424	102.497	524
102.523	425	102.548	526
102.573	424	102.599	527
102.624	424	102.649	529
102.675	423	102.700	529
102.726	421	102.750	530
102.776	419	102.802	530
102.827	417	102.852	530
102.877	415	102.903	530
102.929	413	102.953	530
102.979	410	103.004	529
103.030	409	103.054	528
103.080	407	103.106	527
103.131	406	103.156	526
103.181	405	103.207	523
103.233	405	103.257	522
103.283	405	103.308	521
103.334	406	103.359	519
103.384	407	103.410	518
103.435	409	103.460	518
103.486	411	103.511	518
103.537	412	103.562	517
103.587	415	103.613	518
103.638	417	103.664	519
103.688	419	103.714	519
103.740	420	103.765	520
103.790	422	103.815	522
103.841	423	103.867	523
103.891	423	103.917	525
103.942	424	103.968	527
103.992	422	104.018	528
104.044	422	104.069	530
104.094	421	104.119	530
104.145	419	104.171	530
104.195	417	104.221	532
104.246	415	104.272	531
104.297	413	104.322	531
104.348	412	104.373	529
104.398	410	104.424	528
104.449	408	104.475	527
104.499	408	104.525	525
104.551	406	104.576	523
104.601	406	104.626	522
104.652	407	104.678	521
104.702	407	104.728	520
104.753	409	104.779	519
104.803	410	104.829	518
104.855	412	104.880	517
104.905	414	104.930	517
104.956	415	104.982	517
105.006	416	105.032	518
105.057	417	105.083	519
105.108	419	105.133	521
105.159	420	105.184	522
105.209	421	105.235	524
105.260	422	105.286	525
105.310	422	105.336	526
105.362	420	105.387	528
105.412	421	105.437	529
105.463	419	105.489	530
105.513	418	105.539	531
105.564	418	105.590	532
105.614	416	105.640	531
105.666	414	105.691	530
105.716	412	105.741	530
105.767	412	105.793	528
105.817	410	105.843	527
105.868	409	105.894	525
105.919	409	105.944	524
105.970	408	105.995	522
106.020	408	106.046	521
106.071	409	106.097	520
106.121	410	106.147	519
106.173	411	106.198	518
106.223	412	106.248	517
106.274	413	106.300	517
106.324	414	106.350	518
106.375	415	106.401	518
106.425	417	106.451	520
106.477	418	106.502	520
106.527	419	106.552	522
106.578	419	106.604	523
106.628	420	106.654	526
106.679	420	106.705	526
106.730	420	106.755	528
106.781	419	106.806	529
106.832	419	106.857	529
106.882	418	106.908	530
106.933	417	106.958	531
106.984	416	107.009	531
107.035	414	107.059	530
107.085	413	107.111	530
107.136	412	107.161	529
107.186	411	107.212	527
107.238	410	107.262	526
107.288	411	107.313	524
107.339	410	107.363	523
107.389	410	107.415	522
107.440	410	107.465	520
107.490	411	107.516	519
107.542	412	107.566	519
107.592	412	107.617	518
107.643	413	107.668	517
107.693	415	107.719	518
107.744	415	107.769	518
107.795	416	107.820	520
107.846	417	107.870	520
107.896	418	107.922	521
107.947	418	107.972	523
107.997	419	108.023	524
108.049	419	108.073	525
108.099	419	108.124	527
108.150	419	108.174	528
108.200	418	108.226	529
108.251	417	108.276	530
108.301	417	108.327	531
108.353	416	108.377	530
108.403	415	108.428	530
108.454	414	108.479	530
108.504	413	108.530	529
108.555	413	108.580	528
108.606	411	108.631	527
108.657	412	108.681	525
108.707	412	108.733	523
108.758	412	108.783	522
108.808	412	108.834	521
108.860	412	108.884	519
108.910	413	108.935	519
108.961	413	108.985	518
109.011	414	109.037	519
109.062	415	109.087	518
109.112	416	109.138	518
109.164	416	109.188	519
109.214	416	109.239	520
109.265	418	109.290	521
109.315	417	109.341	523
109.366	418	109.391	524
109.417	418	109.442	525
109.468	418	109.492	527
109.518	417	109.544	528
109.569	417	109.594	529
109.619	416	109.645	529
109.671	415	109.695	529
109.721	416	109.746	530
109.772	414	109.796	529
109.822	414	109.848	529
109.873	414	109.899	528
109.923	413	109.949	528
109.975	413	110.000	526
110.025	413	110.050	525
110.076	413	110.102	523
110.126	413	110.152	523
110.177	413	110.203	521
110.228	413	110.253	520
110.279	414	110.304	519
110.329	414	110.355	519
110.380	415	110.406	519
110.430	415	110.456	518
110.482	416	110.507	519
110.532	416	110.557	519
110.583	416	110.609	520
110.633	416	110.659	522
110.684	417	110.710	523
110.734	417	110.760	524
110.786	416	110.811	525
110.836	416	110.861	526
110.887	417	110.913	528
110.937	416	110.963	529
110.988	415	111.014	529
111.039	415	111.064	529
111.090	415	111.115	530
111.140	415	111.166	529
111.191	415	111.217	529
111.241	414	111.267	527
111.293	414	111.318	527
111.343	414	111.368	526
111.394	414	111.420	525
111.444	414	111.470	523
111.495	414	111.521	522
111.545	414	111.571	522
111.597	415	111.622	519
111.647	415	111.672	520
111.698	415	111.724	519
111.748	415	111.774	518
111.799	416	111.825	519
111.850	416	111.875	519
111.901	416	111.926	520
111.951	417	111.977	520
112.002	416	112.028	522
112.052	416	112.078	523
112.104	416	112.129	524
112.154	416	112.179	525
112.205	416	112.231	527
112.255	415	112.281	527
112.306	415	112.332	528
112.356	415	112.382	529
112.408	415	112.433	529
112.458	414	112.483	529
112.509	414	112.535	529
112.559	414	112.585	528
112.610	415	112.636	528
112.661	415	112.686	527
112.712	414	112.737	526
112.762	414	112.788	526
112.813	416	112.839	524
112.863	416	112.889	523
112.915	415	112.940	522
112.965	416	112.990	522
113.016	416	113.042	521
113.066	416	113.092	521
113.117	416	113.143	520
113.168	416	113.193	520
113.219	416	113.244	521
113.269	416	113.294	521
113.320	416	113.346	522
113.370	414	113.396	522
113.421	415	113.447	524
113.472	415	113.497	525
113.523	415	113.548	526
113.573	416	113.599	527
113.624	415	113.650	527
113.674	415	113.700	528
113.726	415	113.751	529
113.776	415	113.801	529
113.827	416	113.853	528
113.877	416	113.903	528
113.928	415	113.954	528
113.979	415	114.004	528
