#Creator: pendulumviewEventBuffer
#Creation time: Thu Mar 24 12:07:43 2022
#Time A	Pos A	Time B	Pos B
#[s]	[au]	[s]	[au]
0.025	341	0.051	467
0.075	342	0.101	468
0.127	341	0.152	468
0.178	341	0.202	467
0.228	344	0.254	467
0.279	342	0.304	464
0.329	340	0.355	463
0.381	339	0.405	463
0.431	338	0.456	464
0.482	335	0.507	466
0.532	335	0.558	465
0.583	333	0.608	468
0.634	332	0.659	468
0.685	332	0.709	468
0.735	333	0.761	469
0.786	332	0.811	470
0.836	336	0.862	468
0.888	336	0.912	468
0.938	339	0.963	466
0.989	340	1.013	465
1.039	341	1.065	465
1.090	343	1.115	463
1.140	342	1.166	466
1.192	342	1.216	464
1.242	342	1.267	463
1.293	341	1.318	464
1.343	341	1.369	463
1.394	339	1.419	462
1.445	336	1.470	461
1.496	335	1.520	460
1.546	334	1.572	459
1.597	330	1.622	461
1.647	331	1.673	460
1.699	329	1.723	460
1.749	331	1.774	458
1.800	330	1.824	456
1.850	333	1.876	452
1.901	332	1.926	450
1.951	326	1.977	447
2.003	324	2.027	443
2.053	323	2.078	443
2.104	325	2.129	445
2.154	329	2.180	444
2.205	335	2.230	442
2.256	342	2.281	448
2.307	348	2.331	447
2.357	351	2.383	447
2.408	354	2.433	446
2.458	354	2.484	445
2.510	355	2.534	446
2.560	354	2.585	448
2.611	351	2.635	448
2.661	349	2.687	447
2.712	347	2.738	447
2.762	347	2.788	446
2.814	346	2.839	443
2.864	347	2.889	444
2.915	347	2.941	443
2.965	347	2.991	443
3.016	349	3.042	439
3.067	351	3.092	438
3.118	351	3.143	437
3.168	352	3.194	435
3.219	353	3.245	435
3.269	352	3.295	431
3.321	348	3.346	431
3.371	348	3.396	428
3.422	346	3.448	428
3.472	344	3.498	425
3.523	343	3.549	422
3.573	343	3.599	422
3.625	343	3.650	421
3.675	343	3.700	417
3.726	344	3.752	416
3.776	343	3.802	419
3.827	343	3.853	416
3.878	344	3.903	419
3.929	345	3.954	417
3.979	346	4.005	417
4.030	346	4.056	417
4.080	345	4.106	418
4.132	346	4.157	418
4.182	344	4.207	418
4.233	343	4.259	418
4.283	342	4.309	416
4.334	341	4.360	415
4.384	342	4.410	412
4.436	345	4.461	415
4.486	348	4.511	414
4.537	347	4.563	414
4.587	348	4.613	415
4.638	347	4.664	415
4.689	348	4.714	418
4.740	347	4.765	416
4.790	346	4.816	416
4.841	345	4.867	415
4.891	345	4.917	415
4.943	342	4.968	416
4.993	341	5.018	414
5.044	341	5.070	414
5.094	338	5.120	413
5.145	342	5.171	414
5.195	341	5.221	415
5.247	343	5.272	413
5.297	342	5.322	413
5.348	343	5.374	414
5.398	344	5.424	411
5.449	343	5.475	413
5.500	342	5.525	416
5.551	341	5.576	414
5.601	341	5.627	414
5.652	342	5.678	412
5.702	341	5.728	411
5.754	342	5.779	413
5.804	344	5.829	414
5.855	344	5.881	415
5.905	345	5.931	416
5.956	344	5.982	414
6.007	344	6.032	414
6.058	345	6.083	414
6.108	346	6.133	413
6.159	344	6.185	415
6.209	344	6.235	415
6.260	343	6.286	413
6.311	345	6.336	413
6.362	342	6.387	415
6.412	344	6.438	414
6.463	344	6.489	415
6.513	344	6.539	416
6.565	346	6.590	412
6.615	343	6.640	416
6.666	343	6.692	414
6.716	341	6.742	416
6.767	344	6.793	416
6.818	343	6.843	416
6.869	344	6.894	414
6.919	342	6.944	415
6.970	341	6.996	414
7.020	340	7.046	414
7.071	341	7.097	413
7.122	343	7.147	413
7.173	343	7.198	414
7.224	343	7.249	413
7.274	342	7.300	414
7.325	340	7.350	413
7.376	342	7.401	413
7.427	340	7.451	415
7.477	342	7.503	414
7.528	341	7.553	413
7.578	344	7.604	414
7.630	342	7.654	413
7.680	344	7.705	415
7.731	343	7.755	414
7.781	342	7.807	415
7.832	342	7.857	413
7.882	343	7.908	414
7.934	343	7.958	414
7.984	344	8.009	412
8.035	343	8.060	414
8.085	345	8.111	412
8.136	342	8.161	415
8.187	342	8.212	415
8.238	343	8.262	415
8.288	341	8.314	414
8.339	344	8.364	415
8.389	343	8.415	415
8.441	346	8.465	415
8.491	344	8.516	413
8.542	343	8.567	415
8.592	342	8.618	415
8.643	342	8.668	415
8.693	341	8.719	415
8.745	344	8.769	414
8.795	342	8.820	414
8.846	344	8.871	415
8.896	343	8.922	414
8.947	343	8.972	412
8.998	342	9.023	411
9.049	341	9.073	412
9.099	343	9.125	411
9.150	343	9.175	413
9.200	344	9.226	412
9.252	342	9.276	414
9.302	343	9.327	415
9.353	342	9.378	414
9.403	344	9.429	412
9.454	343	9.479	414
9.504	343	9.530	412
9.556	342	9.580	412
9.606	341	9.631	409
9.657	345	9.682	411
9.707	345	9.733	411
9.758	342	9.783	414
9.809	340	9.834	412
9.860	343	9.884	412
9.910	343	9.936	411
9.961	343	9.986	411
10.011	345	10.037	415
10.063	345	10.087	414
10.113	342	10.138	413
10.164	345	10.189	410
10.214	345	10.240	412
10.265	346	10.291	413
10.315	345	10.341	413
10.367	345	10.392	412
10.417	345	10.442	411
10.468	345	10.494	415
10.518	345	10.544	411
10.569	345	10.595	413
10.620	349	10.645	413
10.671	344	10.696	412
10.721	345	10.747	413
10.772	345	10.798	414
10.822	345	10.848	414
10.874	345	10.899	415
10.924	345	10.949	413
10.975	345	11.001	412
11.025	344	11.051	413
11.076	344	11.102	411
11.127	344	11.152	412
11.178	345	11.203	407
11.228	343	11.253	410
11.279	343	11.305	411
11.329	344	11.355	412
11.380	346	11.406	414
11.431	345	11.456	414
11.482	344	11.507	416
11.532	345	11.558	417
11.583	344	11.609	418
11.633	345	11.659	417
11.685	346	11.710	417
11.735	345	11.760	416
11.786	345	11.812	415
11.836	346	11.862	414
11.887	343	11.913	412
11.938	344	11.963	409
11.989	343	12.014	409
12.039	343	12.064	408
12.090	343	12.116	409
12.140	342	12.166	407
12.191	343	12.217	408
12.242	341	12.267	405
12.293	339	12.318	408
12.343	339	12.369	407
12.394	335	12.420	406
12.444	333	12.470	405
12.496	330	12.521	404
12.546	332	12.571	403
12.597	330	12.623	402
12.647	331	12.673	400
12.698	331	12.724	402
12.749	330	12.774	402
12.800	332	12.825	401
12.850	330	12.875	404
12.901	329	12.927	402
12.951	329	12.977	402
13.002	330	13.028	402
13.053	328	13.078	401
13.104	328	13.129	400
13.154	325	13.180	400
13.205	326	13.231	400
13.255	326	13.281	399
13.307	326	13.332	399
13.357	326	13.382	399
13.408	326	13.434	400
13.458	325	13.484	400
13.509	326	13.535	403
13.560	325	13.585	401
13.611	325	13.636	403
13.661	324	13.687	402
13.712	326	13.738	402
13.762	325	13.788	399
13.813	325	13.839	397
13.864	326	13.889	396
13.915	325	13.940	394
13.966	324	13.991	393
14.016	321	14.042	392
14.067	322	14.092	391
14.118	321	14.143	390
14.169	321	14.193	392
14.219	322	14.245	393
14.270	322	14.295	393
14.320	322	14.346	394
14.372	325	14.396	391
14.422	322	14.447	393
14.473	323	14.498	394
14.523	322	14.549	394
14.574	324	14.599	395
14.624	323	14.650	396
14.676	322	14.700	397
14.726	324	14.751	396
14.777	321	14.802	397
14.827	323	14.853	397
14.878	322	14.903	396
14.929	322	14.954	396
14.980	324	15.004	396
15.030	323	15.056	395
15.081	324	15.106	396
15.131	324	15.157	397
15.183	324	15.207	397
15.233	325	15.258	400
15.284	324	15.309	401
15.334	323	15.360	403
15.385	323	15.410	405
15.435	322	15.461	405
15.487	322	15.511	406
15.537	320	15.562	404
15.588	318	15.613	407
15.638	317	15.664	410
15.689	318	15.714	409
15.740	319	15.765	409
15.791	321	15.815	412
15.841	322	15.867	412
15.892	322	15.917	413
15.942	323	15.968	412
15.994	325	16.018	413
16.044	323	16.069	410
16.095	323	16.120	411
16.145	324	16.171	411
16.196	321	16.221	412
16.247	323	16.272	413
16.298	323	16.322	413
16.348	323	16.373	414
16.399	323	16.424	414
16.449	323	16.475	412
16.500	323	16.525	411
16.551	325	16.576	411
16.602	325	16.626	411
16.652	327	16.678	411
16.703	325	16.728	411
16.753	326	16.779	411
16.805	327	16.829	412
16.855	329	16.880	413
16.906	329	16.931	414
16.956	330	16.982	415
17.007	327	17.033	412
17.058	327	17.083	415
17.109	328	17.134	414
17.159	327	17.184	412
17.210	327	17.236	413
17.260	326	17.286	413
17.311	328	17.337	414
17.362	325	17.387	413
17.413	329	17.438	418
17.463	339	17.489	429
17.514	355	17.540	443
17.564	377	17.590	461
17.616	402	17.641	481
17.666	430	17.691	503
17.717	461	17.743	526
17.767	492	17.793	547
17.818	522	17.844	568
17.869	551	17.894	587
17.920	574	17.945	600
17.970	591	17.995	610
18.021	602	18.047	615
18.071	606	18.097	615
18.122	603	18.148	610
18.173	592	18.198	601
18.224	575	18.249	587
18.274	552	18.300	568
18.325	526	18.351	548
18.375	496	18.401	526
18.427	465	18.452	503
18.477	433	18.502	481
18.528	403	18.554	460
18.578	377	18.604	442
18.629	355	18.655	429
18.680	340	18.705	419
18.731	331	18.756	414
18.781	328	18.807	415
18.832	332	18.858	420
18.882	344	18.908	430
18.933	360	18.959	445
18.984	382	19.009	462
19.035	409	19.060	483
19.085	440	19.111	505
19.136	469	19.162	527
19.186	500	19.212	548
19.238	529	19.263	569
19.288	555	19.313	585
19.339	574	19.365	599
19.389	590	19.415	608
19.440	599	19.466	613
19.491	601	19.516	613
19.542	596	19.567	609
19.592	584	19.618	599
19.643	567	19.669	585
19.693	544	19.719	568
19.744	518	19.770	548
19.795	489	19.820	525
19.846	459	19.871	505
19.896	429	19.922	482
19.947	401	19.973	462
19.997	377	20.023	445
20.049	357	20.074	431
20.099	342	20.124	422
20.150	334	20.176	417
20.200	333	20.226	416
20.251	338	20.277	422
20.302	349	20.327	431
20.353	365	20.378	445
20.403	387	20.429	462
20.454	414	20.480	482
20.504	442	20.530	503
20.555	472	20.581	526
20.606	502	20.631	548
20.657	530	20.682	568
20.707	554	20.733	585
20.758	575	20.784	599
20.808	588	20.834	608
20.860	596	20.885	613
20.910	598	20.935	613
20.961	592	20.987	608
21.011	580	21.037	599
21.062	562	21.088	586
21.113	538	21.138	567
21.164	512	21.189	548
21.214	483	21.240	525
21.265	454	21.291	503
21.315	424	21.341	482
21.367	398	21.392	462
21.417	374	21.442	445
21.468	355	21.493	431
21.518	343	21.544	422
21.569	336	21.595	417
21.619	336	21.645	417
21.671	342	21.696	423
21.721	355	21.746	432
21.772	372	21.798	446
21.822	395	21.848	464
21.873	421	21.899	483
21.924	450	21.949	505
21.975	480	22.000	527
22.025	507	22.051	549
22.076	533	22.102	569
22.126	556	22.152	585
22.178	574	22.203	599
22.228	586	22.253	608
22.279	592	22.304	613
22.329	592	22.355	613
22.380	585	22.406	607
22.430	572	22.456	597
22.482	555	22.507	584
22.532	531	22.557	566
22.583	505	22.609	546
22.633	477	22.659	525
22.684	449	22.710	503
22.735	421	22.760	481
22.786	397	22.811	461
22.836	374	22.862	445
22.887	357	22.913	431
22.937	346	22.963	422
22.989	341	23.014	417
23.039	342	23.064	417
23.090	349	23.115	422
23.140	362	23.166	432
23.191	379	23.217	447
23.241	401	23.267	464
23.293	426	23.318	484
23.343	453	23.368	506
23.394	482	23.420	528
23.444	508	23.470	550
23.495	534	23.521	569
23.546	555	23.571	587
23.597	572	23.622	599
23.647	583	23.673	608
23.698	588	23.724	612
23.748	587	23.774	612
23.800	580	23.825	607
23.850	567	23.875	597
23.901	549	23.927	583
23.951	526	23.977	565
24.002	500	24.028	545
24.052	473	24.078	523
24.104	445	24.129	501
24.154	419	24.179	480
24.205	394	24.231	460
24.255	374	24.281	443
24.306	358	24.332	430
24.357	349	24.382	421
24.408	345	24.433	416
24.458	346	24.484	417
24.509	354	24.535	423
24.559	367	24.585	433
24.611	385	24.636	448
24.661	408	24.686	466
24.712	432	24.738	486
24.762	458	24.788	507
24.813	485	24.839	529
24.863	511	24.889	551
24.915	535	24.940	571
24.965	555	24.990	588
25.016	569	25.042	600
25.066	580	25.092	609
25.117	584	25.143	613
25.168	582	25.193	612
25.219	573	25.244	606
25.269	560	25.295	596
25.320	541	25.346	582
25.370	520	25.396	564
25.422	495	25.447	543
25.472	469	25.497	521
25.523	443	25.549	499
25.573	418	25.599	478
25.624	395	25.650	458
25.674	376	25.700	442
25.726	362	25.751	429
25.776	353	25.801	420
25.827	350	25.853	416
25.877	352	25.903	417
25.928	359	25.954	423
25.980	372	26.004	434
26.030	390	26.055	449
26.081	412	26.106	467
26.131	436	26.157	487
26.182	461	26.207	509
26.233	488	26.258	531
26.284	512	26.308	553
26.334	534	26.360	573
26.385	553	26.410	590
26.435	567	26.461	602
26.487	576	26.511	611
26.537	579	26.562	614
26.588	576	26.612	613
26.638	568	26.664	606
26.689	555	26.714	595
26.739	537	26.765	580
26.791	515	26.815	561
26.841	492	26.866	541
26.892	465	26.917	519
26.942	441	26.968	496
26.993	417	27.018	475
27.044	395	27.069	455
27.095	377	27.119	440
27.145	364	27.171	427
27.196	356	27.221	419
27.246	353	27.272	416
27.298	355	27.322	417
27.348	365	27.373	424
27.399	377	27.423	436
27.449	395	27.475	451
27.500	416	27.525	469
27.550	440	27.576	490
27.602	465	27.626	513
27.652	489	27.677	535
27.703	513	27.728	557
27.753	534	27.779	575
27.804	551	27.829	592
27.855	564	27.880	603
27.906	571	27.930	612
27.956	573	27.982	614
28.007	571	28.032	612
28.057	563	28.083	605
28.109	548	28.133	594
28.159	532	28.184	579
28.210	510	28.234	559
28.260	488	28.286	538
28.311	463	28.336	517
28.361	440	28.387	494
28.413	416	28.437	473
28.463	396	28.488	453
28.514	380	28.539	438
28.564	367	28.590	426
28.615	360	28.640	419
28.666	358	28.691	416
28.717	362	28.741	418
28.767	370	28.793	426
28.818	383	28.843	437
28.868	400	28.894	453
28.920	420	28.944	472
28.970	442	28.995	494
29.021	466	29.045	515
29.071	490	29.097	538
29.122	512	29.148	560
29.172	532	29.198	578
29.224	548	29.249	594
29.274	560	29.299	605
29.325	568	29.351	612
29.375	570	29.401	613
29.426	567	29.452	612
29.477	558	29.502	604
29.528	545	29.553	591
29.578	528	29.604	576
29.629	508	29.655	556
29.679	485	29.705	535
29.731	462	29.756	512
29.781	439	29.806	490
29.832	417	29.858	470
29.882	398	29.908	450
29.933	382	29.959	436
29.983	370	30.009	424
30.035	364	30.060	417
30.085	363	30.110	416
30.136	366	30.162	418
30.186	374	30.212	427
30.237	387	30.263	440
30.288	403	30.313	456
30.339	423	30.364	475
30.389	444	30.415	497
30.440	467	30.466	519
30.490	490	30.516	541
30.542	512	30.567	562
30.592	531	30.617	581
30.643	546	30.669	595
30.693	558	30.719	606
30.744	564	30.770	612
30.794	567	30.820	614
30.846	563	30.871	609
30.896	554	30.921	602
30.947	542	30.973	589
30.997	525	31.023	572
31.048	505	31.074	553
31.099	484	31.124	531
31.150	461	31.175	509
31.200	440	31.226	487
31.251	418	31.277	466
31.301	399	31.327	448
31.353	385	31.378	433
31.403	374	31.428	423
31.454	368	31.480	417
31.504	367	31.530	416
31.555	370	31.581	421
31.605	376	31.631	430
31.657	390	31.682	443
31.707	406	31.732	461
31.758	425	31.784	480
31.808	446	31.834	501
31.859	468	31.885	524
31.910	490	31.935	545
31.961	510	31.986	566
32.011	529	32.037	583
32.062	544	32.088	597
32.112	555	32.138	607
32.164	562	32.189	613
32.214	562	32.239	614
32.265	559	32.291	608
32.315	551	32.341	599
32.366	539	32.392	585
32.416	523	32.442	568
32.468	504	32.493	549
32.518	483	32.543	527
32.569	462	32.595	505
32.619	439	32.645	483
32.670	419	32.696	463
32.721	401	32.746	446
32.772	387	32.797	432
32.823	376	32.848	423
32.873	371	32.899	418
32.924	369	32.949	418
32.975	372	33.000	423
33.026	380	33.050	433
33.076	392	33.102	447
33.127	407	33.152	464
33.177	426	33.203	484
33.229	447	33.253	505
33.279	469	33.304	527
33.330	490	33.354	550
33.380	509	33.406	570
33.431	527	33.456	586
33.481	542	33.507	598
33.533	552	33.557	607
33.583	559	33.608	612
33.634	560	33.659	611
33.684	557	33.710	607
33.735	549	33.760	596
33.786	536	33.811	582
33.837	521	33.861	564
33.887	503	33.913	544
33.938	482	33.963	523
33.988	461	34.014	501
34.040	440	34.064	479
34.090	421	34.115	460
34.141	404	34.165	443
34.191	389	34.217	431
34.242	378	34.267	423
34.292	373	34.318	418
34.344	371	34.368	419
34.394	375	34.419	426
34.445	383	34.470	435
34.495	394	34.521	451
34.546	410	34.571	469
34.597	428	34.622	488
34.648	448	34.672	510
34.698	468	34.724	531
34.749	490	34.774	553
34.799	509	34.825	573
34.851	526	34.875	587
34.901	540	34.926	600
34.952	550	34.976	607
35.002	557	35.028	611
35.053	558	35.078	609
35.103	555	35.129	602
35.155	547	35.179	593
35.205	535	35.230	578
35.256	520	35.281	560
35.306	502	35.332	540
35.357	482	35.382	518
35.408	461	35.433	497
35.459	440	35.483	476
35.509	421	35.535	457
35.560	405	35.585	442
35.610	391	35.636	430
35.662	381	35.686	423
35.712	375	35.737	420
35.763	373	35.787	422
35.813	377	35.839	429
35.864	384	35.890	440
35.914	396	35.940	455
35.966	411	35.991	473
36.016	429	36.041	493
36.067	449	36.093	514
36.117	468	36.143	535
36.168	489	36.194	556
36.219	508	36.244	574
36.270	525	36.295	589
36.320	540	36.346	600
36.371	549	36.397	606
36.421	555	36.447	609
36.473	556	36.498	606
36.523	554	36.548	599
36.574	546	36.600	588
36.624	534	36.650	573
36.675	519	36.701	555
36.725	501	36.751	535
36.777	481	36.802	514
36.827	461	36.852	493
36.878	442	36.904	472
36.928	421	36.954	456
36.979	405	37.005	441
37.030	392	37.055	430
37.081	382	37.106	424
37.131	376	37.157	422
37.182	375	37.208	425
37.232	378	37.258	433
37.284	385	37.309	444
37.334	397	37.359	460
37.385	412	37.411	478
37.435	429	37.461	498
37.486	448	37.512	518
37.536	469	37.562	539
37.588	489	37.613	559
37.638	508	37.663	576
37.689	525	37.715	589
37.739	538	37.765	600
37.790	549	37.816	605
37.841	555	37.866	607
37.892	556	37.917	603
37.942	553	37.968	596
37.993	545	38.019	584
38.043	534	38.069	569
38.095	518	38.120	550
38.145	500	38.170	530
38.196	481	38.222	510
38.246	460	38.272	490
38.297	441	38.323	471
38.347	422	38.373	454
38.399	405	38.424	441
38.449	392	38.474	431
38.500	382	38.526	426
38.550	377	38.576	425
38.601	375	38.627	429
38.652	378	38.677	437
38.703	386	38.728	449
38.753	397	38.779	465
38.804	413	38.830	482
38.854	430	38.880	502
38.906	449	38.931	522
38.956	469	38.981	543
39.007	490	39.033	561
39.057	508	39.083	577
39.108	525	39.134	590
39.159	539	39.184	599
39.210	548	39.235	604
39.260	554	39.285	604
39.311	555	39.337	599
39.361	552	39.387	592
39.412	545	39.438	581
39.463	532	39.488	564
39.514	518	39.539	546
39.564	500	39.590	526
39.615	480	39.641	507
39.665	460	39.691	487
39.717	440	39.742	469
39.767	421	39.792	453
39.818	405	39.844	442
39.868	391	39.894	433
39.919	382	39.945	428
39.970	375	39.995	428
40.021	375	40.046	433
40.071	379	40.096	441
40.122	387	40.148	454
40.172	398	40.198	469
40.223	414	40.249	487
40.274	431	40.299	506
40.325	451	40.350	526
40.376	470	40.401	545
40.426	491	40.452	564
40.477	509	40.502	577
40.528	526	40.553	589
40.579	539	40.603	598
40.629	549	40.655	601
40.680	554	40.705	601
40.730	555	40.756	595
40.782	553	40.806	587
40.832	544	40.857	574
40.883	532	40.907	559
40.933	517	40.959	541
40.984	498	41.009	522
41.034	479	41.060	504
41.086	458	41.110	485
41.136	438	41.161	468
41.187	420	41.212	454
41.237	404	41.263	442
41.288	391	41.313	434
41.339	381	41.364	431
41.390	376	41.414	431
41.440	376	41.466	437
41.491	380	41.516	446
41.541	388	41.567	459
41.593	400	41.617	474
41.643	415	41.668	491
41.694	433	41.719	510
41.744	452	41.770	529
41.795	472	41.820	547
41.845	492	41.871	563
41.897	511	41.921	577
41.947	527	41.972	588
41.998	540	42.023	595
42.048	550	42.074	598
42.099	555	42.124	597
42.150	556	42.175	592
42.201	551	42.225	582
42.251	543	42.277	572
42.302	531	42.327	555
42.352	515	42.378	538
42.404	497	42.428	519
42.454	478	42.479	501
42.505	457	42.530	483
42.555	437	42.581	468
42.606	419	42.631	454
42.656	403	42.682	444
42.708	389	42.732	437
42.758	381	42.783	434
42.809	376	42.834	435
42.859	376	42.885	441
42.910	379	42.935	451
42.961	388	42.986	463
43.012	400	43.036	478
43.062	416	43.088	495
43.113	434	43.138	513
43.163	454	43.189	531
43.215	475	43.239	549
43.265	494	43.290	564
43.316	513	43.341	577
43.366	529	43.392	586
43.417	542	43.443	592
43.467	550	43.493	595
43.519	556	43.544	593
43.569	556	43.594	588
43.620	551	43.646	578
43.670	542	43.696	566
43.721	530	43.747	551
43.772	514	43.797	534
43.823	496	43.848	517
43.873	476	43.899	500
43.924	454	43.950	483
43.974	434	44.000	467
44.026	416	44.051	455
44.076	400	44.101	446
44.127	388	44.153	440
44.177	380	44.203	438
44.228	375	44.254	439
44.279	375	44.304	446
44.330	380	44.355	455
44.380	390	44.405	467
44.431	402	44.457	482
44.481	418	44.507	498
44.532	437	44.558	515
44.583	456	44.608	533
44.634	477	44.659	549
44.684	497	44.710	563
44.735	515	44.761	576
44.785	531	44.811	585
44.837	543	44.862	591
44.887	552	44.912	592
44.938	556	44.964	590
44.988	555	45.014	584
45.039	550	45.065	576
45.090	540	45.115	563
45.141	527	45.166	549
45.191	511	45.216	532
45.242	492	45.268	515
45.292	472	45.318	498
45.343	451	45.369	482
45.394	432	45.419	468
45.445	413	45.470	456
45.495	399	45.521	448
45.546	386	45.572	442
45.596	378	45.622	441
45.648	374	45.673	443
45.698	376	45.723	449
45.749	381	45.775	458
45.799	391	45.825	470
45.850	404	45.876	485
45.901	421	45.926	501
45.952	439	45.977	518
46.002	460	46.027	534
46.053	480	46.079	549
46.103	500	46.129	563
46.154	518	46.180	574
46.205	533	46.230	583
46.256	545	46.281	588
46.306	553	46.332	590
46.357	556	46.383	586
46.407	555	46.433	580
46.459	549	46.484	571
46.509	539	46.534	559
46.560	525	46.586	545
46.610	508	46.636	529
46.661	489	46.687	513
46.712	469	46.737	497
46.763	448	46.788	482
46.813	429	46.839	469
46.864	411	46.890	458
46.914	396	46.940	450
46.965	385	46.991	445
47.016	377	47.041	444
47.067	375	47.092	447
47.118	377	47.143	453
47.168	383	47.194	462
47.219	393	47.244	473
47.270	407	47.295	487
47.321	424	47.345	503
47.371	443	47.397	518
47.422	463	47.447	535
47.472	484	47.498	549
47.524	503	47.548	562
47.574	521	47.599	572
47.625	535	47.650	580
47.675	547	47.701	583
47.726	554	47.751	585
47.776	556	47.802	583
47.828	554	47.852	577
47.878	548	47.903	568
47.929	537	47.954	556
47.979	522	48.005	542
48.030	506	48.055	527
48.081	485	48.106	512
48.132	465	48.156	497
48.182	445	48.208	482
48.233	425	48.258	470
48.283	408	48.309	460
48.335	394	48.359	452
48.385	384	48.410	448
48.436	377	48.461	448
48.486	376	48.512	450
48.537	378	48.562	456
48.587	386	48.613	465
48.639	396	48.663	476
48.689	410	48.714	489
48.740	429	48.765	504
48.790	448	48.816	519
48.841	467	48.866	534
48.892	488	48.917	548
48.943	506	48.967	559
48.993	523	49.019	571
49.044	537	49.069	577
49.094	547	49.120	581
49.146	554	49.170	583
49.196	556	49.221	580
49.247	552	49.272	575
49.297	545	49.323	565
49.348	533	49.373	555
49.399	518	49.424	542
49.450	501	49.474	526
49.500	482	49.525	512
49.551	462	49.576	497
49.601	441	49.627	484
49.652	423	49.677	472
49.703	407	49.728	462
49.754	394	49.778	455
49.804	383	49.830	450
49.855	378	49.880	450
49.905	376	49.931	453
49.957	379	49.981	458
50.007	386	50.032	467
50.058	399	50.083	477
50.108	414	50.134	490
50.159	432	50.185	504
50.210	451	50.235	519
50.261	471	50.286	534
50.311	490	50.336	547
50.362	510	50.388	560
50.412	527	50.438	569
50.463	540	50.489	576
50.514	549	50.539	581
50.565	554	50.590	582
50.615	554	50.641	578
50.666	551	50.692	573
50.716	542	50.742	564
50.768	530	50.793	552
50.818	515	50.843	540
50.869	497	50.895	526
50.919	476	50.945	511
50.970	456	50.996	497
51.021	438	51.046	484
51.072	419	51.097	473
51.122	403	51.147	463
51.173	390	51.199	456
51.223	382	51.249	453
51.274	378	51.300	453
51.325	378	51.350	455
51.376	382	51.401	461
51.426	390	51.452	469
51.477	402	51.503	479
51.527	418	51.553	492
51.579	437	51.604	505
51.629	456	51.654	519
51.680	476	51.706	534
51.730	494	51.756	547
51.781	513	51.807	558
51.832	528	51.857	568
51.883	540	51.908	574
51.933	548	51.959	579
51.984	553	52.010	580
52.034	553	52.060	576
52.085	547	52.111	570
52.136	539	52.161	563
52.187	526	52.212	552
52.237	510	52.263	539
52.288	493	52.314	526
52.338	473	52.364	512
52.390	453	52.415	498
52.440	434	52.465	485
52.491	417	52.517	474
52.541	402	52.567	465
52.592	391	52.618	458
52.643	382	52.668	454
52.694	379	52.719	454
52.744	380	52.770	457
52.795	385	52.821	461
52.845	394	52.871	469
52.896	407	52.922	480
52.947	422	52.972	492
52.998	440	53.023	505
53.048	460	53.074	520
53.099	480	53.125	534
53.149	498	53.175	546
53.201	516	53.226	558
53.251	530	53.276	567
53.302	542	53.328	573
53.352	549	53.378	576
53.403	551	53.429	577
53.454	551	53.479	574
53.505	545	53.530	569
53.555	536	53.581	561
53.606	522	53.632	550
53.656	506	53.682	539
53.707	488	53.733	525
53.758	468	53.783	512
53.809	449	53.834	498
53.859	431	53.885	485
53.910	414	53.936	474
53.960	401	53.986	466
54.012	390	54.037	459
54.062	383	54.087	455
54.113	381	54.139	455
54.163	383	54.189	458
54.214	388	54.240	463
54.265	398	54.290	470
54.316	411	54.341	481
54.366	428	54.392	493
54.417	446	54.443	506
54.467	465	54.493	519
54.519	484	54.544	533
54.569	501	54.594	545
54.620	517	54.645	556
54.670	531	54.696	565
54.721	541	54.747	572
54.771	548	54.797	575
54.823	549	54.848	575
54.873	547	54.898	573
54.924	540	54.950	568
54.974	531	55.000	560
55.025	518	55.051	549
55.076	502	55.101	538
55.127	483	55.152	526
55.177	465	55.203	512
55.228	447	55.254	499
55.278	429	55.304	486
55.330	413	55.355	475
55.380	400	55.405	466
55.431	390	55.456	459
55.481	385	55.507	456
55.532	383	55.558	455
55.582	385	55.608	458
55.634	392	55.659	463
55.684	403	55.709	471
55.735	416	55.761	482
55.785	432	55.811	493
55.836	450	55.862	506
55.887	468	55.912	520
55.938	486	55.963	533
55.988	504	56.014	546
56.039	519	56.065	557
56.089	531	56.115	566
56.141	541	56.166	572
56.191	546	56.216	575
56.242	547	56.267	576
56.292	545	56.318	574
56.343	537	56.369	568
56.393	526	56.419	560
56.445	513	56.470	550
56.495	496	56.520	538
56.546	479	56.572	525
56.596	461	56.622	512
56.647	443	56.673	498
56.698	426	56.723	486
56.749	411	56.774	475
56.799	399	56.825	466
56.850	391	56.876	460
56.900	386	56.926	457
56.952	386	56.977	456
57.002	389	57.027	459
57.053	396	57.079	464
57.103	407	57.129	472
57.154	421	57.180	482
57.204	436	57.230	494
57.256	454	57.281	507
57.306	472	57.331	520
57.357	490	57.383	533
57.407	505	57.433	546
57.458	520	57.484	557
57.509	531	57.534	566
57.560	539	57.585	572
57.610	543	57.636	576
57.661	544	57.687	576
57.711	540	57.737	573
57.763	534	57.788	569
57.813	522	57.838	560
57.864	508	57.890	550
57.914	492	57.940	537
57.965	475	57.991	525
58.015	458	58.041	511
58.067	440	58.092	498
58.117	425	58.142	485
58.168	411	58.194	475
58.218	400	58.244	466
58.269	392	58.295	460
58.320	388	58.345	457
58.371	389	58.396	456
58.421	392	58.447	459
58.472	400	58.498	464
58.522	411	58.548	472
58.574	425	58.599	483
58.624	441	58.649	495
58.675	458	58.701	508
58.725	475	58.751	521
58.776	492	58.802	535
58.826	506	58.852	547
58.878	520	58.903	558
58.928	530	58.953	567
58.979	537	59.005	573
59.029	541	59.055	575
59.080	541	59.106	575
59.131	536	59.156	573
59.182	529	59.207	567
59.232	518	59.258	559
59.283	504	59.309	549
59.333	489	59.359	537
59.385	472	59.410	524
59.435	455	59.460	510
59.486	439	59.512	497
59.536	424	59.562	484
59.587	410	59.613	474
59.637	401	59.663	466
59.689	394	59.714	459
59.740	392	59.764	456
59.790	392	59.816	456
59.841	397	59.866	459
59.891	405	59.917	466
59.943	416	59.967	473
59.993	430	60.018	484
60.044	444	60.069	496
60.094	461	60.120	509
60.145	477	60.170	523
60.196	493	60.221	536
60.247	508	60.271	548
60.297	520	60.323	559
60.348	529	60.373	567
60.398	534	60.424	573
60.450	538	60.474	576
60.500	536	60.525	575
60.551	532	60.575	573
60.601	524	60.627	567
60.652	512	60.677	558
60.702	500	60.728	547
60.754	485	60.778	535
60.804	469	60.829	522
60.855	453	60.880	509
60.905	437	60.931	496
60.956	424	60.981	484
61.007	412	61.032	473
61.058	404	61.082	465
61.108	397	61.134	459
61.159	395	61.184	456
61.209	396	61.235	457
61.261	401	61.285	460
61.311	409	61.336	466
61.362	421	61.386	474
61.412	433	61.438	485
61.463	447	61.488	497
61.513	463	61.539	511
61.565	479	61.589	523
61.615	494	61.640	537
61.666	507	61.691	548
61.716	518	61.742	560
61.767	527	61.792	568
61.818	533	61.843	574
61.869	535	61.893	576
61.919	533	61.945	576
61.970	529	61.995	573
62.020	520	62.046	567
62.072	510	62.096	558
62.122	497	62.147	547
62.173	482	62.197	534
62.223	467	62.249	521
62.274	452	62.299	508
62.324	437	62.350	494
62.376	424	62.400	482
62.426	413	62.451	471
62.477	405	62.502	463
62.527	400	62.553	459
62.578	398	62.603	456
62.629	399	62.654	457
62.680	404	62.705	460
62.730	412	62.756	467
62.781	423	62.807	475
62.831	436	62.857	486
62.883	450	62.908	499
62.933	465	62.958	512
62.984	480	63.010	526
63.034	494	63.060	539
63.085	507	63.111	551
63.135	518	63.161	562
63.187	525	63.212	570
63.237	530	63.262	574
63.288	532	63.314	576
63.338	530	63.364	576
63.389	525	63.415	572
63.440	516	63.465	565
63.491	506	63.516	557
63.541	493	63.567	545
63.592	480	63.618	532
63.642	465	63.668	519
63.694	451	63.719	505
63.744	437	63.769	492
63.795	424	63.821	480
63.845	414	63.871	471
63.896	407	63.922	463
63.946	403	63.972	458
63.998	401	64.023	455
64.048	403	64.073	458
64.099	408	64.125	461
64.149	416	64.175	468
64.200	426	64.226	477
64.251	439	64.276	488
64.302	451	64.327	501
64.352	466	64.378	515
64.403	480	64.429	528
64.453	493	64.479	541
64.505	506	64.530	553
64.555	515	64.580	563
64.606	523	64.632	570
64.656	527	64.682	575
64.707	528	64.733	577
64.757	527	64.783	576
64.809	522	64.834	571
64.859	515	64.884	564
64.910	504	64.936	554
64.960	491	64.986	543
65.011	478	65.037	530
65.062	464	65.087	517
65.113	451	65.138	503
65.163	438	65.189	490
65.214	425	65.240	479
65.264	416	65.290	469
65.316	409	65.341	462
65.366	405	65.391	458
65.417	404	65.443	456
65.467	405	65.493	458
65.518	411	65.544	462
65.568	419	65.594	469
65.620	428	65.645	479
65.670	441	65.695	491
65.721	453	65.747	504
65.771	467	65.797	517
65.822	481	65.848	531
65.873	493	65.898	544
65.924	504	65.949	555
65.975	514	66.000	564
66.025	521	66.051	571
66.076	525	66.101	574
66.127	527	66.152	577
66.178	524	66.202	574
66.228	519	66.254	569
66.279	512	66.304	562
66.329	502	66.355	552
66.381	489	66.405	541
66.431	477	66.456	527
66.482	464	66.506	514
66.532	451	66.558	501
66.583	438	66.608	488
66.633	427	66.659	477
66.685	418	66.709	468
66.735	412	66.760	461
66.786	408	66.811	457
66.836	407	66.862	457
66.887	408	66.912	459
66.938	414	66.963	464
66.989	421	67.013	472
67.039	431	67.065	482
67.090	442	67.115	494
67.140	455	67.166	506
67.192	467	67.216	519
67.242	480	67.267	533
67.293	493	67.317	546
67.343	503	67.369	557
67.394	512	67.419	565
67.444	518	67.470	572
67.496	522	67.520	575
67.546	524	67.571	575
67.597	522	67.622	573
67.647	517	67.673	566
67.698	510	67.723	559
67.749	499	67.774	550
67.800	488	67.824	538
67.850	477	67.876	525
67.901	464	67.926	511
67.951	451	67.977	499
68.003	439	68.027	486
68.053	428	68.078	476
68.104	420	68.128	467
68.154	413	68.180	461
68.205	410	68.230	458
68.255	409	68.281	458
68.307	411	68.331	460
68.357	415	68.382	465
68.408	422	68.433	474
68.458	432	68.484	485
68.509	443	68.534	496
68.560	455	68.585	509
68.611	469	68.635	523
68.661	480	68.687	536
68.712	492	68.737	548
68.762	502	68.788	558
68.814	511	68.838	566
68.864	517	68.889	572
68.915	520	68.939	575
68.965	521	68.991	575
69.016	519	69.042	571
69.066	515	69.092	565
69.118	508	69.143	557
69.168	498	69.193	546
69.219	488	69.245	534
69.269	476	69.295	522
69.320	463	69.346	508
69.371	451	69.396	496
69.422	439	69.447	484
69.472	429	69.498	474
69.523	421	69.549	465
69.573	415	69.599	461
69.625	412	69.650	458
69.675	411	69.700	459
69.726	413	69.752	462
69.776	416	69.802	468
69.827	423	69.853	477
69.877	433	69.903	487
69.929	443	69.954	499
69.979	455	70.004	512
70.030	468	70.056	526
70.080	480	70.106	539
70.131	491	70.157	550
70.182	501	70.207	560
70.233	509	70.258	567
70.283	516	70.309	571
70.334	519	70.360	575
70.384	520	70.410	573
70.436	518	70.461	569
70.486	513	70.511	563
70.537	506	70.563	555
70.587	497	70.613	544
70.638	487	70.664	531
70.688	476	70.714	518
70.740	463	70.765	505
70.790	452	70.815	494
70.841	440	70.867	482
70.891	430	70.917	473
70.942	422	70.968	465
70.993	416	71.018	461
71.044	412	71.069	460
71.094	412	71.120	461
71.145	414	71.171	465
71.195	419	71.221	471
71.247	425	71.272	480
71.297	434	71.322	491
71.348	445	71.374	503
71.398	456	71.424	516
71.449	468	71.475	529
71.499	479	71.525	540
71.551	490	71.576	552
71.601	500	71.626	561
71.652	509	71.678	568
71.702	514	71.728	571
71.753	518	71.779	572
71.804	519	71.829	570
71.855	517	71.880	567
71.905	512	71.931	560
71.956	505	71.982	551
72.006	497	72.032	540
72.058	487	72.083	528
72.108	475	72.133	516
72.159	463	72.185	503
72.209	451	72.235	492
72.260	441	72.286	481
72.311	431	72.336	472
72.362	423	72.387	466
72.412	417	72.437	462
72.463	413	72.489	461
72.513	413	72.539	462
72.564	415	72.590	468
72.615	420	72.640	474
72.666	426	72.691	483
72.716	435	72.742	495
72.767	445	72.793	506
72.817	456	72.843	518
72.869	468	72.894	530
72.919	480	72.944	542
72.970	490	72.996	552
73.020	500	73.046	561
73.071	508	73.097	567
73.122	514	73.147	569
73.173	518	73.198	571
73.223	518	73.248	569
73.274	517	73.300	564
73.324	511	73.350	557
73.375	505	73.401	547
73.426	496	73.451	537
73.477	485	73.502	525
73.528	475	73.553	513
73.578	463	73.604	501
73.629	452	73.654	489
73.680	441	73.705	480
73.731	431	73.755	472
73.781	424	73.807	467
73.832	418	73.857	463
73.882	414	73.908	463
73.934	413	73.958	465
73.984	415	74.009	470
74.035	420	74.059	478
74.085	426	74.111	487
74.136	435	74.161	497
74.186	445	74.212	509
74.238	457	74.262	521
74.288	468	74.313	532
74.339	480	74.364	543
74.389	491	74.415	553
74.440	500	74.465	561
74.491	508	74.516	566
74.542	514	74.566	569
74.592	516	74.618	569
74.643	518	74.668	567
74.693	515	74.719	561
74.745	511	74.769	554
74.795	505	74.820	545
74.846	496	74.871	534
74.896	485	74.922	522
74.947	475	74.972	511
74.997	463	75.023	500
75.049	451	75.073	489
75.099	441	75.124	479
75.150	431	75.175	473
75.200	423	75.226	468
75.251	417	75.276	465
75.302	415	75.327	465
75.353	414	75.377	468
75.403	416	75.429	473
75.454	420	75.479	481
75.504	427	75.530	490
75.556	435	75.580	501
75.606	446	75.631	511
75.657	456	75.682	524
75.707	469	75.733	534
75.758	480	75.783	545
75.808	491	75.834	554
75.860	500	75.884	561
75.910	508	75.935	565
75.961	514	75.986	567
76.011	517	76.037	567
76.062	518	76.087	563
76.113	515	76.138	559
76.164	510	76.188	551
76.214	503	76.240	542
76.265	494	76.290	531
76.315	485	76.341	520
76.367	473	76.391	508
76.417	462	76.442	498
76.468	451	76.493	488
76.518	439	76.544	479
76.569	430	76.595	473
76.619	423	76.645	469
76.671	417	76.696	467
76.721	414	76.746	468
76.772	414	76.798	471
76.822	416	76.848	477
76.873	421	76.899	484
76.924	428	76.949	493
76.975	437	77.000	504
77.025	447	77.051	514
77.076	458	77.102	525
77.126	471	77.152	535
77.178	481	77.203	546
77.228	493	77.253	554
77.279	501	77.305	560
77.329	508	77.355	564
77.380	514	77.406	565
77.431	517	77.456	565
77.482	517	77.507	560
77.532	516	77.557	555
77.583	510	77.609	547
77.633	503	77.659	539
77.684	494	77.710	528
77.735	484	77.760	517
77.786	473	77.811	508
77.836	461	77.862	496
77.887	450	77.913	488
77.937	439	77.963	480
77.989	430	78.014	474
78.039	422	78.064	471
78.090	417	78.116	470
78.140	414	78.166	470
78.191	414	78.217	474
78.242	417	78.267	480
78.293	422	78.318	487
78.343	429	78.368	496
78.394	438	78.420	507
78.444	448	78.470	517
78.495	460	78.521	527
78.546	471	78.571	536
78.597	483	78.622	545
78.647	493	78.673	552
78.698	502	78.724	558
78.748	510	78.774	562
78.800	514	78.825	563
78.850	517	78.875	561
78.901	517	78.927	557
78.951	515	78.977	553
79.002	509	79.028	545
79.053	502	79.078	537
79.104	493	79.129	526
79.154	482	79.179	517
79.205	471	79.231	506
79.255	460	79.281	496
79.306	448	79.332	488
79.357	438	79.382	481
79.408	428	79.433	475
79.458	422	79.484	473
79.509	417	79.535	472
79.559	414	79.585	473
79.611	414	79.636	477
79.661	417	79.686	482
79.712	422	79.738	489
79.762	430	79.788	498
79.813	439	79.839	508
79.864	449	79.889	518
79.915	461	79.940	527
79.965	473	79.991	537
80.016	484	80.042	545
80.066	495	80.092	552
80.117	503	80.143	557
80.168	510	80.193	560
80.219	516	80.244	561
80.270	518	80.295	559
80.320	517	80.346	555
80.371	513	80.396	550
80.422	509	80.447	542
80.473	501	80.497	534
80.523	491	80.549	525
80.574	481	80.599	514
80.624	469	80.650	507
80.676	457	80.700	497
80.726	447	80.751	488
80.777	436	80.802	482
80.827	427	80.853	477
80.878	420	80.903	475
80.928	416	80.954	474
80.980	414	81.004	476
81.030	414	81.055	479
81.081	418	81.106	485
81.131	424	81.157	492
81.182	432	81.207	501
81.233	441	81.258	510
81.284	451	81.308	518
81.334	463	81.360	528
81.385	475	81.410	537
81.435	485	81.461	545
81.487	496	81.511	551
81.537	505	81.562	556
81.588	511	81.613	557
81.638	516	81.664	558
81.689	517	81.714	556
81.739	516	81.765	553
81.791	513	81.815	547
81.841	507	81.866	541
81.892	499	81.917	532
81.942	490	81.968	523
81.993	479	82.018	514
82.044	466	82.069	505
82.095	455	82.119	497
82.145	445	82.171	489
82.196	434	82.221	483
82.246	426	82.272	479
82.298	419	82.322	476
82.348	415	82.373	477
82.399	414	82.424	479
82.449	415	82.475	481
82.500	419	82.525	487
82.551	425	82.576	494
82.602	433	82.626	501
82.652	443	82.677	511
82.703	454	82.728	520
82.753	466	82.779	529
82.804	477	82.829	537
82.855	488	82.880	544
82.906	497	82.930	550
82.956	506	82.982	553
83.007	512	83.032	557
83.057	516	83.083	556
83.109	517	83.133	555
83.159	516	83.184	551
83.210	512	83.235	545
83.260	505	83.286	539
83.311	497	83.337	531
83.362	487	83.387	522
83.413	476	83.438	513
83.463	464	83.488	505
83.514	454	83.540	497
83.564	442	83.590	490
83.615	432	83.641	484
83.666	424	83.691	481
83.717	418	83.742	479
83.767	415	83.793	479
83.818	414	83.844	481
83.868	416	83.894	484
83.920	421	83.945	489
83.970	427	83.995	496
84.021	436	84.047	503
84.071	445	84.097	512
84.122	457	84.148	521
84.173	468	84.198	529
84.224	479	84.249	537
84.274	490	84.299	543
84.325	499	84.351	548
84.375	507	84.401	552
84.426	513	84.452	555
84.477	516	84.502	554
84.528	517	84.553	552
84.578	515	84.604	549
84.629	510	84.655	543
84.679	504	84.705	538
84.731	495	84.756	529
84.781	485	84.806	522
84.832	474	84.858	512
84.882	462	84.908	505
84.933	451	84.959	498
84.984	441	85.009	492
85.035	430	85.060	486
85.085	424	85.111	482
85.136	418	85.162	480
85.186	415	85.212	481
85.237	415	85.263	483
85.288	417	85.313	486
85.339	422	85.364	491
85.389	429	85.415	497
85.440	438	85.466	505
85.490	448	85.516	512
85.542	459	85.567	521
85.592	471	85.617	528
85.643	481	85.669	535
85.693	492	85.719	542
85.744	501	85.770	547
85.795	508	85.820	550
85.846	513	85.871	552
85.896	516	85.922	552
85.947	515	85.973	551
85.997	514	86.023	547
86.048	508	86.074	543
86.099	501	86.124	536
86.150	492	86.175	529
86.200	482	86.226	521
86.251	470	86.277	513
86.301	459	86.327	506
86.353	448	86.378	498
86.403	438	86.428	492
86.454	430	86.480	488
86.504	424	86.530	484
86.555	419	86.581	482
86.606	417	86.631	482
86.657	417	86.682	484
86.707	419	86.733	487
86.758	424	86.784	492
86.808	432	86.834	498
86.859	440	86.885	504
86.910	451	86.935	512
86.961	462	86.986	520
87.011	473	87.037	528
87.062	484	87.088	535
87.112	493	87.138	541
87.164	502	87.189	545
87.214	508	87.239	549
87.265	513	87.291	552
87.315	514	87.341	552
87.366	514	87.392	549
87.417	512	87.442	546
87.468	506	87.493	541
87.518	498	87.544	536
87.569	490	87.595	529
87.619	479	87.645	522
87.671	468	87.696	514
87.721	457	87.746	506
87.772	446	87.797	499
87.822	437	87.848	493
87.873	429	87.899	488
87.923	422	87.949	486
87.975	419	88.000	483
88.025	417	88.050	484
88.076	418	88.102	485
88.126	421	88.152	488
88.177	427	88.203	493
88.228	434	88.253	498
88.279	443	88.304	505
88.329	455	88.355	513
88.380	465	88.406	520
88.430	476	88.456	528
88.482	486	88.507	534
88.532	495	88.557	540
88.583	503	88.608	544
88.633	509	88.659	549
88.684	512	88.710	550
88.734	514	88.760	550
88.786	513	88.811	549
88.836	508	88.861	545
88.887	503	88.913	541
88.937	496	88.963	535
88.988	486	89.014	528
89.039	476	89.064	521
89.090	466	89.115	514
89.140	455	89.166	506
89.191	445	89.217	500
89.241	436	89.267	494
89.293	428	89.318	489
89.343	423	89.368	486
89.394	419	89.419	484
89.444	418	89.470	484
89.495	420	89.521	486
89.545	424	89.571	489
89.597	430	89.622	493
89.647	438	89.672	499
89.698	447	89.724	506
89.748	456	89.774	512
89.799	467	89.825	519
89.850	478	89.875	527
89.901	488	89.926	534
89.951	496	89.977	540
90.002	503	90.028	544
90.052	508	90.078	547
90.104	511	90.129	550
90.154	512	90.179	549
90.205	510	90.231	547
90.255	506	90.281	545
90.306	500	90.332	540
90.356	492	90.382	534
90.408	483	90.433	528
90.458	473	90.483	521
90.509	462	90.535	515
90.559	453	90.585	507
90.610	443	90.636	500
90.661	435	90.686	495
90.712	428	90.737	490
90.762	424	90.788	487
90.813	421	90.839	485
90.863	421	90.889	485
90.915	422	90.940	486
90.965	426	90.990	490
91.016	433	91.042	494
91.066	441	91.092	500
91.117	449	91.143	506
91.167	460	91.193	513
91.219	470	91.244	521
91.269	479	91.294	527
91.320	489	91.346	533
91.370	497	91.396	539
91.421	503	91.447	544
91.472	508	91.497	547
91.523	510	91.548	549
91.573	510	91.599	548
91.624	508	91.650	547
91.674	503	91.700	544
91.726	497	91.751	540
91.776	489	91.801	534
91.827	481	91.853	528
91.877	470	91.903	522
91.928	460	91.954	514
91.978	451	92.004	507
92.030	441	92.055	500
92.080	434	92.105	495
92.131	428	92.157	490
92.181	424	92.207	488
92.232	422	92.258	486
92.284	422	92.308	485
92.334	425	92.359	487
92.385	430	92.410	490
92.435	435	92.461	495
92.486	443	92.511	500
92.537	453	92.562	507
92.588	462	92.612	513
92.638	472	92.664	520
92.689	481	92.714	527
92.739	489	92.765	534
92.791	496	92.815	539
92.841	503	92.866	544
92.892	507	92.916	547
92.942	507	92.968	548
92.993	507	93.018	549
93.043	505	93.069	547
93.095	500	93.119	544
93.145	494	93.170	539
93.196	486	93.221	534
93.246	477	93.272	528
93.297	469	93.322	522
93.348	459	93.373	514
93.399	450	93.423	507
93.449	441	93.475	500
93.500	434	93.525	494
93.550	429	93.576	491
93.602	426	93.626	487
93.652	423	93.677	485
93.703	425	93.727	486
93.753	427	93.779	487
93.804	432	93.829	491
93.854	438	93.880	495
93.906	446	93.930	500
93.956	455	93.981	507
94.007	464	94.032	513
94.057	474	94.083	521
94.108	483	94.133	528
94.159	491	94.184	535
94.210	497	94.234	540
94.260	502	94.286	545
94.311	505	94.336	546
94.361	506	94.387	548
94.413	505	94.437	549
94.463	502	94.488	547
94.514	497	94.538	544
94.564	491	94.590	540
94.615	484	94.640	533
94.665	475	94.691	526
94.717	466	94.741	520
94.767	457	94.792	513
94.818	449	94.843	506
94.868	441	94.894	500
94.919	435	94.944	494
94.970	430	94.995	490
95.021	428	95.045	487
95.071	426	95.097	485
95.122	427	95.147	486
95.172	430	95.198	487
95.224	435	95.248	491
95.274	441	95.299	495
95.325	450	95.349	501
95.375	457	95.401	508
95.426	466	95.452	514
95.476	475	95.502	522
95.528	483	95.553	528
95.578	490	95.603	536
95.629	496	95.655	541
95.679	501	95.705	544
95.730	503	95.756	547
95.781	504	95.806	549
95.832	503	95.857	548
95.882	500	95.908	547
95.933	496	95.959	544
95.983	489	96.009	538
96.035	481	96.060	533
96.085	473	96.110	526
96.136	464	96.162	519
96.186	456	96.212	512
96.237	448	96.263	505
96.287	440	96.313	499
96.339	435	96.364	493
96.389	431	96.414	490
96.440	429	96.466	487
96.490	429	96.516	485
96.541	430	96.567	486
96.592	433	96.617	489
96.643	437	96.668	491
96.693	444	96.719	497
96.744	451	96.770	502
96.794	459	96.820	509
96.846	467	96.871	515
96.896	475	96.921	522
96.947	483	96.973	529
96.997	490	97.023	535
97.048	495	97.074	540
97.098	499	97.124	544
97.150	502	97.175	547
97.200	502	97.225	548
97.251	500	97.277	548
97.301	497	97.327	546
97.352	492	97.378	542
97.403	487	97.428	537
97.454	479	97.479	532
97.504	471	97.530	525
97.555	463	97.581	519
97.605	455	97.631	512
97.657	449	97.682	504
97.707	442	97.732	499
97.758	437	97.784	493
97.808	433	97.834	490
97.859	431	97.885	487
97.909	431	97.935	486
97.961	433	97.986	487
98.011	436	98.036	489
98.062	440	98.088	492
98.112	446	98.138	497
98.163	453	98.189	503
98.214	461	98.239	509
98.265	468	98.290	516
98.315	476	98.341	524
98.366	483	98.392	531
98.416	489	98.442	536
98.468	494	98.493	541
98.518	497	98.543	545
98.569	499	98.595	547
98.619	500	98.645	549
98.670	498	98.696	548
98.720	494	98.746	546
98.772	490	98.797	542
98.822	484	98.847	537
98.873	478	98.899	531
98.923	470	98.949	524
98.974	463	99.000	517
99.025	455	99.050	510
99.076	448	99.101	504
99.127	442	99.152	498
99.177	438	99.203	493
99.228	436	99.253	488
99.279	433	99.304	487
99.330	433	99.354	486
99.380	435	99.406	487
99.431	438	99.456	489
99.481	442	99.507	493
99.533	448	99.557	498
99.583	455	99.608	504
99.634	462	99.658	511
99.684	469	99.710	518
99.735	476	99.760	525
99.785	482	99.811	532
99.837	488	99.861	537
99.887	492	99.912	543
99.938	496	99.963	546
99.988	497	100.014	548
100.039	497	100.064	548
100.090	495	100.115	547
100.141	493	100.165	544
100.191	488	100.217	541
100.242	482	100.267	536
100.292	477	100.318	529
100.344	469	100.368	522
100.394	462	100.419	516
100.445	455	100.469	508
100.495	448	100.521	503
100.546	444	100.571	497
100.596	439	100.622	492
100.648	436	100.672	488
100.698	435	100.723	486
100.749	435	100.774	486
100.799	437	100.825	488
100.850	440	100.875	491
100.901	444	100.926	494
100.952	450	100.976	500
101.002	456	101.028	506
101.053	463	101.078	512
101.103	470	101.129	520
101.155	476	101.179	526
101.205	482	101.230	533
101.256	487	101.280	539
101.306	492	101.332	542
101.357	494	101.382	546
101.407	495	101.433	549
101.459	495	101.483	548
101.509	493	101.534	546
101.560	490	101.585	543
101.610	486	101.636	539
101.661	481	101.686	534
101.712	474	101.737	527
101.763	469	101.787	521
101.813	462	101.839	514
101.864	456	101.889	507
101.914	450	101.940	501
101.966	444	101.990	496
102.016	440	102.041	492
102.067	438	102.091	488
102.117	437	102.143	487
102.168	437	102.194	488
102.218	439	102.244	489
102.270	442	102.295	492
102.320	445	102.345	496
102.371	451	102.397	501
102.421	457	102.447	508
102.472	463	102.498	514
102.523	469	102.548	521
102.574	476	102.599	528
102.624	481	102.650	534
102.675	486	102.701	538
102.725	490	102.751	543
102.777	492	102.802	545
102.827	493	102.852	547
102.878	493	102.904	547
102.928	491	102.954	545
102.979	488	103.005	542
103.029	485	103.055	537
103.081	480	103.106	532
103.131	474	103.156	526
103.182	468	103.208	519
103.232	461	103.258	513
103.283	456	103.309	506
103.334	450	103.359	500
103.385	445	103.410	495
103.435	442	103.461	491
103.486	439	103.512	489
103.536	438	103.562	487
103.588	439	103.613	487
103.638	440	103.663	490
103.689	443	103.715	493
103.739	448	103.765	498
103.790	452	103.816	503
103.840	457	103.866	509
103.892	463	103.917	516
103.942	469	103.967	523
103.993	475	104.019	529
104.043	481	104.069	535
104.094	485	104.120	539
104.145	489	104.170	543
104.196	490	104.221	546
104.246	492	104.272	547
104.297	492	104.323	546
104.347	490	104.373	544
104.399	487	104.424	540
104.449	484	104.474	536
104.500	478	104.526	531
104.550	473	104.576	524
104.601	468	104.627	517
104.651	462	104.677	511
104.703	456	104.728	505
104.753	450	104.778	499
104.804	446	104.830	495
104.854	443	104.880	491
104.905	441	104.931	489
104.956	440	104.981	489
105.007	440	105.032	489
105.057	441	105.083	492
105.108	445	105.134	495
105.158	448	105.184	500
105.210	453	105.235	505
105.260	458	105.285	512
105.311	463	105.337	518
105.361	469	105.387	524
105.412	475	105.438	530
105.463	480	105.488	535
105.514	484	105.539	540
105.564	487	105.589	544
105.615	489	105.641	546
105.665	490	105.691	546
105.716	490	105.742	545
105.767	489	105.792	542
105.818	486	105.843	539
105.868	483	105.894	534
105.919	478	105.945	529
105.969	473	105.995	522
106.021	467	106.046	516
106.071	462	106.096	509
106.122	457	106.148	504
106.172	452	106.198	499
106.223	447	106.249	494
106.274	444	106.299	491
106.325	442	106.350	490
106.375	441	106.400	489
106.426	441	106.452	491
106.476	442	106.502	493
106.527	445	106.553	496
106.578	448	106.603	501
106.629	453	106.654	507
106.680	458	106.705	513
106.730	463	106.756	519
106.781	469	106.806	526
106.832	474	106.857	532
106.883	480	106.907	536
106.933	483	106.959	540
106.984	487	107.009	543
107.034	488	107.060	544
107.086	489	107.110	545
107.136	489	107.161	544
107.187	488	107.211	541
107.237	486	107.263	537
107.288	482	107.313	533
107.338	478	107.364	526
107.390	473	107.414	520
107.440	467	107.465	513
107.491	463	107.516	508
107.541	456	107.567	502
107.592	452	107.617	498
107.643	448	107.668	494
107.694	444	107.718	492
107.744	442	107.770	490
107.795	441	107.820	491
107.845	442	107.871	492
107.897	443	107.921	495
107.947	446	107.972	499
107.998	449	108.023	504
108.048	455	108.074	509
108.099	458	108.124	515
108.149	463	108.175	522
108.201	469	108.225	527
108.251	474	108.276	532
108.302	479	108.327	537
108.352	483	108.378	540
108.403	485	108.428	542
108.454	488	108.479	544
108.505	489	108.529	543
108.555	489	108.581	541
108.606	488	108.631	539
108.656	484	108.682	534
108.708	482	108.732	530
108.758	478	108.783	524
108.809	473	108.834	519
108.859	468	108.885	513
108.910	462	108.935	507
108.960	457	108.986	502
109.012	452	109.036	498
109.062	449	109.087	494
109.113	445	109.138	492
109.163	443	109.189	492
109.214	442	109.239	492
109.265	442	109.290	494
109.316	444	109.340	497
109.366	446	109.392	501
109.417	450	109.442	506
109.467	454	109.493	511
109.519	459	109.543	517
109.569	464	109.594	522
109.620	469	109.645	528
109.670	474	109.696	533
109.721	479	109.747	536
109.771	482	109.797	539
109.823	486	109.848	542
109.873	487	109.898	542
109.924	489	109.950	541
109.974	488	110.000	540
110.025	487	110.051	536
110.076	484	110.101	532
110.127	481	110.152	528
110.177	477	110.203	523
110.228	472	110.254	517
110.278	467	110.304	512
110.330	462	110.355	506
110.380	457	110.405	501
110.431	453	110.457	498
110.481	448	110.507	495
110.532	446	110.558	494
110.583	443	110.608	493
110.634	444	110.659	494
110.684	443	110.709	495
110.735	444	110.761	500
110.785	447	110.811	503
110.836	450	110.862	508
110.887	455	110.912	513
110.938	459	110.963	518
110.988	464	111.014	524
111.039	470	111.065	529
111.089	474	111.115	532
111.141	479	111.166	536
111.191	482	111.216	539
111.242	485	111.268	541
111.292	487	111.318	541
111.343	488	111.369	540
111.394	487	111.419	538
111.445	487	111.470	534
111.495	484	111.520	530
111.546	480	111.572	526
111.596	477	111.622	521
111.647	471	111.673	516
111.698	467	111.723	511
111.749	462	111.774	506
111.799	456	111.825	502
111.850	453	111.876	498
111.900	448	111.926	495
111.952	446	111.977	495
112.002	444	112.027	494
112.053	443	112.079	496
112.103	444	112.129	498
112.154	445	112.180	501
112.205	447	112.230	505
112.256	451	112.281	509
112.306	455	112.331	514
112.357	459	112.383	520
112.407	464	112.433	525
112.458	470	112.484	529
112.509	474	112.534	532
112.560	479	112.585	536
112.610	483	112.636	538
112.661	485	112.687	539
112.711	487	112.737	539
112.763	489	112.788	539
112.813	487	112.838	536
112.864	487	112.890	533
112.914	484	112.940	529
112.965	480	112.991	524
113.016	476	113.041	519
113.067	470	113.092	515
113.117	466	113.143	510
113.168	461	113.194	505
113.218	456	113.244	502
113.269	452	113.295	499
113.320	448	113.345	497
113.371	446	113.396	496
113.422	444	113.447	496
113.472	443	113.498	497
113.523	443	113.548	499
113.574	445	113.599	503
113.625	448	113.649	507
113.675	451	113.701	511
113.726	456	113.751	516
113.776	461	113.802	520
113.828	465	113.852	525
113.878	470	113.903	529
113.929	475	113.954	532
113.979	479	114.005	536
114.030	482	114.055	537
114.080	485	114.106	537
114.132	487	114.156	537
114.182	488	114.207	536
114.233	487	114.258	533
114.283	485	114.309	531
114.334	483	114.359	527
114.385	479	114.410	523
114.436	475	114.460	519
114.486	470	114.512	514
114.537	465	114.562	510
114.587	461	114.613	506
114.639	456	114.663	502
114.689	452	114.714	500
114.740	448	114.765	498
114.790	445	114.816	498
114.841	444	114.866	498
114.891	444	114.917	499
114.943	444	114.967	502
114.993	446	115.018	505
115.044	449	115.069	508
115.094	452	115.120	513
115.145	457	115.170	517
115.196	461	115.221	521
115.247	466	115.271	525
115.297	471	115.323	529
115.348	476	115.373	532
115.398	480	115.424	534
115.450	483	115.474	535
115.500	486	115.525	536
115.551	487	115.576	536
115.601	488	115.627	534
115.652	486	115.677	532
115.703	484	115.728	529
115.754	482	115.778	526
115.804	478	115.829	522
115.855	474	115.880	518
115.905	469	115.931	513
115.956	465	115.981	509
116.007	460	116.032	507
116.058	455	116.082	503
116.108	451	116.134	501
116.159	448	116.184	500
116.209	446	116.235	500
116.261	444	116.285	500
116.311	444	116.336	501
116.362	445	116.387	503
116.412	447	116.438	507
116.463	449	116.489	510
116.514	454	116.539	513
116.565	457	116.590	517
116.615	463	116.640	521
116.666	467	116.692	525
116.716	472	116.742	528
116.767	476	116.793	531
116.818	480	116.843	533
116.869	483	116.894	534
116.919	485	116.945	535
116.970	487	116.996	534
117.020	488	117.046	532
117.072	486	117.097	531
117.122	484	117.147	528
117.173	481	117.199	524
117.223	477	117.249	522
117.274	473	117.300	517
117.325	467	117.350	513
117.376	463	117.401	510
117.426	458	117.451	507
117.477	455	117.503	504
117.527	451	117.553	502
117.578	447	117.604	500
117.629	445	117.654	500
117.680	444	117.705	501
117.730	444	117.756	503
117.781	446	117.807	504
117.831	447	117.857	507
117.883	451	117.908	511
117.933	454	117.958	514
117.984	458	118.010	518
118.034	464	118.060	521
118.085	468	118.111	525
118.136	473	118.161	528
118.187	478	118.212	530
118.237	480	118.263	532
118.288	483	118.314	533
118.338	486	118.364	533
118.389	486	118.415	532
118.440	486	118.465	531
118.491	485	118.516	529
118.541	483	118.567	527
118.592	480	118.618	524
118.642	476	118.668	520
118.694	472	118.719	517
118.744	466	118.769	513
118.795	462	118.821	510
118.845	457	118.871	507
118.896	453	118.922	505
118.947	451	118.972	503
118.998	447	119.023	502
119.048	446	119.074	502
119.099	444	119.125	503
119.149	445	119.175	504
119.200	446	119.226	506
119.251	448	119.276	509
119.302	451	119.327	511
119.352	456	119.378	515
119.403	460	119.429	519
119.453	464	119.479	521
119.505	470	119.530	524
119.555	474	119.580	527
119.606	477	119.632	529
119.656	481	119.682	531
119.707	484	119.733	532
119.758	485	119.783	532
119.809	486	119.834	531
119.859	486	119.885	529
119.910	484	119.936	528
119.960	482	119.986	525
120.011	479	120.037	523
120.062	475	120.087	519
120.113	470	120.138	516
120.163	465	120.189	513
120.214	461	120.240	510
120.264	457	120.290	508
120.316	452	120.341	506
120.366	449	120.391	504
120.417	447	120.443	503
120.467	446	120.493	503
120.518	445	120.544	505
120.569	446	120.594	506
120.620	448	120.645	506
120.670	450	120.696	510
120.721	454	120.747	512
120.771	457	120.797	515
120.823	462	120.848	519
120.873	467	120.898	522
120.924	470	120.949	525
120.974	475	121.000	527
121.025	479	121.051	528
121.075	481	121.101	530
121.127	484	121.152	530
121.177	485	121.202	530
121.228	485	121.254	529
121.278	484	121.304	528
121.329	482	121.355	527
121.380	480	121.405	524
121.431	477	121.456	521
121.481	473	121.507	519
121.532	468	121.558	516
121.582	464	121.608	513
121.634	459	121.659	511
121.684	456	121.709	508
121.735	452	121.760	507
121.785	449	121.811	505
121.836	447	121.862	504
121.886	446	121.912	505
121.938	447	121.963	505
121.988	447	122.013	506
122.039	449	122.065	509
122.089	451	122.115	511
122.140	455	122.166	513
122.191	459	122.216	515
122.242	463	122.267	518
122.292	468	122.318	521
122.343	471	122.369	523
122.393	476	122.419	526
122.445	479	122.470	527
122.495	481	122.520	529
122.546	483	122.571	529
122.596	484	122.622	529
122.647	484	122.673	529
122.697	483	122.723	528
122.749	481	122.774	526
122.799	478	122.824	524
122.850	475	122.876	522
122.900	471	122.926	520
122.951	467	122.977	516
123.002	463	123.027	514
123.053	458	123.078	511
123.103	455	123.129	510
123.154	452	123.180	507
123.204	449	123.230	507
123.256	448	123.281	506
123.306	447	123.331	505
123.357	447	123.383	505
123.407	448	123.433	508
123.458	450	123.484	509
123.508	453	123.534	511
123.560	457	123.585	513
123.610	461	123.635	515
123.661	465	123.687	518
123.711	469	123.737	521
123.762	472	123.788	523
123.813	476	123.838	526
123.864	479	123.889	527
123.914	481	123.940	528
123.965	483	123.991	529
124.015	484	124.041	529
124.067	483	124.092	528
124.117	481	124.142	527
124.168	479	124.194	525
124.218	477	124.244	524
124.269	473	124.295	522
124.319	469	124.345	519
124.371	466	124.396	517
124.421	461	124.446	514
124.472	457	124.498	512
124.522	454	124.548	510
124.573	452	124.599	508
124.624	449	124.649	507
124.675	448	124.700	506
124.725	448	124.751	507
124.776	448	124.802	507
124.826	449	124.852	508
124.878	452	124.903	509
124.928	454	124.953	511
124.979	458	125.005	514
125.029	462	125.055	516
125.080	466	125.106	518
125.130	470	125.156	521
125.182	473	125.207	523
125.232	476	125.257	524
125.283	480	125.309	526
125.333	481	125.359	527
125.384	483	125.410	527
125.435	483	125.460	528
125.486	482	125.511	528
125.536	480	125.562	526
125.587	477	125.613	525
125.637	475	125.663	523
125.689	472	125.714	521
125.739	468	125.764	519
125.790	464	125.816	517
125.840	461	125.866	514
125.891	457	125.917	512
125.941	454	125.967	510
125.993	451	126.018	509
126.044	450	126.068	508
126.094	449	126.120	508
126.145	449	126.170	508
126.195	449	126.221	507
126.247	452	126.271	509
126.297	454	126.322	510
126.348	457	126.373	512
126.398	460	126.424	513
126.449	464	126.474	516
126.500	467	126.525	519
126.551	470	126.575	520
126.601	475	126.627	522
126.652	477	126.677	524
126.702	479	126.728	526
126.754	481	126.778	527
126.804	481	126.829	527
126.855	481	126.879	527
126.905	480	126.931	527
126.956	478	126.981	526
127.006	476	127.032	524
127.058	473	127.082	522
127.108	470	127.133	521
127.159	466	127.184	519
127.209	463	127.235	516
127.260	459	127.285	515
127.311	456	127.336	512
127.362	454	127.386	510
127.412	452	127.438	509
127.463	450	127.488	508
127.513	450	127.539	508
127.565	451	127.589	507
127.615	452	127.640	508
127.666	453	127.690	509
127.716	456	127.742	510
127.767	459	127.792	512
127.817	462	127.843	516
127.869	464	127.893	516
127.919	468	127.944	518
127.970	471	127.995	521
128.020	475	128.046	522
128.071	477	128.096	524
128.122	478	128.147	525
128.173	480	128.197	527
128.223	480	128.249	526
128.274	479	128.299	527
128.324	479	128.350	526
128.376	477	128.400	525
128.426	474	128.451	525
128.477	472	128.501	522
128.527	469	128.553	521
128.578	465	128.603	519
128.628	463	128.654	517
128.680	459	128.704	514
128.730	456	128.755	513
128.781	454	128.806	510
128.831	453	128.857	509
128.882	451	128.907	509
128.933	451	128.958	508
128.984	452	129.009	508
129.034	453	129.060	508
129.085	455	129.111	509
129.135	457	129.161	511
129.187	460	129.212	512
129.237	463	129.262	514
129.288	466	129.314	516
129.338	470	129.364	518
129.389	473	129.415	520
129.439	475	129.465	522
129.491	477	129.516	524
129.541	478	129.566	525
129.592	478	129.618	526
129.642	479	129.668	527
129.693	478	129.719	527
129.744	477	129.769	526
129.795	475	129.820	525
129.845	473	129.871	524
129.896	470	129.922	522
129.946	467	129.972	521
129.998	465	130.023	519
130.048	461	130.073	517
130.099	458	130.125	515
130.149	456	130.175	512
130.200	454	130.226	511
130.250	453	130.276	510
130.302	453	130.327	509
130.352	452	130.377	508
130.403	454	130.429	508
130.453	455	130.479	509
130.504	457	130.530	510
130.555	459	130.580	511
130.606	462	130.631	513
130.656	464	130.682	515
130.707	466	130.733	517
130.757	470	130.783	519
130.809	472	130.834	521
130.859	474	130.884	523
130.910	476	130.936	524
130.960	477	130.986	525
131.011	477	131.037	525
131.061	478	131.087	526
131.113	476	131.138	527
131.163	475	131.188	525
131.214	473	131.240	524
131.264	472	131.290	523
131.315	468	131.341	522
131.366	466	131.391	520
131.417	464	131.442	518
131.467	460	131.493	516
131.518	458	131.544	514
131.568	457	131.594	512
131.620	455	131.645	511
131.670	454	131.695	510
131.721	453	131.747	509
131.771	454	131.797	509
131.822	455	131.848	509
131.872	457	131.898	509
131.924	458	131.949	510
131.974	460	131.999	512
132.025	463	132.051	514
132.075	465	132.101	516
132.126	468	132.152	518
132.177	471	132.202	519
132.228	472	132.253	521
132.279	473	132.304	522
132.329	474	132.355	524
132.380	476	132.405	525
132.431	476	132.456	526
132.482	476	132.506	525
132.532	475	132.558	525
132.583	473	132.608	525
132.633	471	132.659	524
132.685	470	132.709	523
132.735	467	132.760	521
132.786	465	132.810	519
132.836	463	132.862	518
132.887	460	132.912	515
132.937	458	132.963	513
132.989	457	133.013	512
133.039	456	133.064	511
133.090	455	133.115	509
133.140	455	133.166	510
133.191	456	133.216	509
133.242	457	133.267	509
133.293	458	133.317	510
133.343	459	133.369	511
133.394	461	133.419	513
133.444	464	133.470	514
133.496	466	133.520	516
133.546	468	133.571	518
133.597	470	133.621	519
133.647	472	133.673	521
133.698	473	133.723	523
133.748	473	133.774	524
133.800	475	133.824	525
133.850	475	133.875	525
133.901	474	133.926	526
133.951	473	133.977	525
134.002	472	134.027	525
134.053	470	134.078	523
134.104	468	134.128	523
134.154	466	134.180	520
134.205	464	134.230	519
134.255	462	134.281	517
134.307	460	134.331	515
134.357	459	134.382	514
134.408	458	134.432	512
134.458	457	134.484	511
134.509	456	134.534	510
134.559	457	134.585	510
134.611	457	134.635	510
134.661	458	134.686	509
134.712	459	134.737	512
134.762	461	134.788	512
134.813	463	134.838	514
134.864	464	134.889	515
134.915	466	134.939	516
134.965	468	134.991	518
135.016	470	135.041	520
135.066	471	135.092	521
135.118	472	135.142	523
135.168	473	135.193	524
135.219	474	135.243	524
135.269	473	135.295	525
135.320	473	135.346	525
135.370	471	135.396	524
135.422	470	135.447	524
135.472	470	135.497	523
135.523	467	135.549	521
135.573	465	135.599	520
135.624	464	135.650	518
135.675	462	135.700	516
135.726	460	135.751	515
135.776	460	135.802	514
135.827	459	135.853	512
135.877	458	135.903	511
135.929	458	135.954	510
135.979	457	136.004	510
136.030	458	136.056	510
136.080	459	136.106	511
136.131	460	136.157	511
136.181	462	136.207	513
136.233	464	136.258	514
136.283	465	136.308	515
136.334	467	136.360	517
136.384	468	136.410	519
136.435	470	136.461	520
136.486	471	136.511	522
136.537	472	136.562	523
136.587	472	136.613	524
136.638	472	136.664	525
136.688	472	136.714	525
136.740	471	136.765	524
136.790	470	136.815	525
136.841	469	136.867	523
136.891	467	136.917	522
136.942	466	136.968	521
136.992	465	137.018	519
137.044	463	137.069	517
137.094	463	137.119	516
137.145	461	137.171	514
137.195	460	137.221	514
137.246	459	137.272	512
137.297	459	137.322	512
137.348	459	137.373	510
137.398	459	137.424	510
137.449	460	137.475	511
137.499	461	137.525	511
137.551	462	137.576	513
137.601	463	137.626	514
137.652	464	137.678	515
137.702	466	137.728	516
137.753	467	137.779	518
137.803	468	137.829	519
137.855	469	137.880	521
137.905	471	137.930	522
137.956	471	137.982	523
138.006	470	138.032	525
138.057	472	138.083	525
138.108	471	138.133	524
138.159	470	138.184	524
138.209	470	138.235	524
138.260	468	138.286	522
138.310	467	138.336	521
138.362	465	138.387	519
138.412	464	138.437	519
138.463	463	138.489	517
138.513	462	138.539	515
138.564	461	138.590	514
138.615	460	138.640	513
138.666	459	138.691	512
138.716	460	138.741	511
138.767	460	138.793	511
138.817	460	138.843	511
138.868	461	138.894	511
138.919	462	138.944	513
138.970	463	138.995	513
139.020	463	139.046	515
139.071	465	139.097	516
139.121	466	139.147	517
139.173	467	139.198	519
139.223	468	139.248	521
139.274	469	139.300	522
139.324	470	139.350	522
139.375	470	139.401	523
139.426	470	139.451	524
139.477	470	139.502	524
139.527	470	139.552	523
139.578	469	139.604	523
139.628	468	139.654	522
139.679	467	139.705	521
139.730	466	139.755	519
139.781	465	139.806	520
139.832	465	139.857	517
139.882	463	139.908	516
139.933	463	139.958	515
139.984	461	140.009	514
140.035	461	140.059	514
140.085	461	140.111	512
140.136	461	140.161	512
140.186	461	140.212	512
140.238	462	140.262	512
140.288	462	140.313	513
140.339	463	140.363	514
140.389	463	140.415	515
140.440	464	140.465	516
140.490	466	140.516	517
140.542	466	140.566	518
140.592	467	140.617	519
140.643	468	140.668	521
140.693	468	140.719	521
140.744	469	140.769	522
140.795	469	140.820	523
140.846	470	140.870	523
140.896	469	140.922	523
140.947	468	140.972	522
140.997	467	141.023	522
141.049	467	141.073	522
141.099	467	141.124	520
141.150	465	141.175	519
141.200	465	141.226	519
141.251	464	141.276	517
141.301	463	141.327	516
141.353	462	141.377	514
